1.000000000000000000e+08 2.999000000000000000e+03 2.999000000000000000e+03 2.624000000000000000e+03 2.999000000000000000e+03 1.290000000000000000e+03 3.371000000000000000e+03 2.346000000000000000e+03 1.868000000000000000e+03 2.998000000000000000e+03 2.936000000000000000e+03 2.998000000000000000e+03 2.505000000000000000e+03 1.299000000000000000e+03
4.642000000000000000e+07 2.999000000000000000e+03 2.999000000000000000e+03 2.535000000000000000e+03 2.999000000000000000e+03 1.241000000000000000e+03 3.248000000000000000e+03 2.249000000000000000e+03 1.807000000000000000e+03 2.861000000000000000e+03 2.831000000000000000e+03 2.975000000000000000e+03 2.415000000000000000e+03 1.299000000000000000e+03
2.154000000000000000e+07 2.999000000000000000e+03 2.999000000000000000e+03 2.456000000000000000e+03 2.999000000000000000e+03 1.195000000000000000e+03 3.129000000000000000e+03 2.165000000000000000e+03 1.744000000000000000e+03 2.734000000000000000e+03 2.734000000000000000e+03 2.876000000000000000e+03 2.329000000000000000e+03 1.299000000000000000e+03
1.000000000000000000e+07 2.999000000000000000e+03 2.999000000000000000e+03 2.389000000000000000e+03 2.999000000000000000e+03 1.152000000000000000e+03 3.014000000000000000e+03 2.089000000000000000e+03 1.682000000000000000e+03 2.619000000000000000e+03 2.644000000000000000e+03 2.799000000000000000e+03 2.257000000000000000e+03 1.267000000000000000e+03
4.642000000000000000e+06 2.999000000000000000e+03 2.999000000000000000e+03 2.326000000000000000e+03 2.922000000000000000e+03 1.113000000000000000e+03 2.914000000000000000e+03 2.018000000000000000e+03 1.621000000000000000e+03 2.513000000000000000e+03 2.560000000000000000e+03 2.916000000000000000e+03 2.189000000000000000e+03 1.227000000000000000e+03
2.154000000000000000e+06 2.999000000000000000e+03 2.946000000000000000e+03 2.266000000000000000e+03 2.791000000000000000e+03 1.076000000000000000e+03 2.811000000000000000e+03 1.953000000000000000e+03 1.562000000000000000e+03 2.416000000000000000e+03 2.482000000000000000e+03 2.815000000000000000e+03 2.125000000000000000e+03 1.191000000000000000e+03
1.000000000000000000e+06 2.999000000000000000e+03 2.871000000000000000e+03 2.209000000000000000e+03 2.667000000000000000e+03 1.041000000000000000e+03 2.716000000000000000e+03 1.891000000000000000e+03 1.506000000000000000e+03 2.326000000000000000e+03 2.408000000000000000e+03 2.721000000000000000e+03 2.065000000000000000e+03 1.157000000000000000e+03
4.642000000000000000e+05 2.975000000000000000e+03 2.797000000000000000e+03 2.158000000000000000e+03 2.553000000000000000e+03 1.009000000000000000e+03 2.629000000000000000e+03 1.836000000000000000e+03 1.453000000000000000e+03 2.243000000000000000e+03 2.341000000000000000e+03 2.635000000000000000e+03 2.007000000000000000e+03 1.127000000000000000e+03
2.154000000000000000e+05 2.907000000000000000e+03 2.725000000000000000e+03 2.106000000000000000e+03 2.449000000000000000e+03 9.790000000000000000e+02 2.546000000000000000e+03 1.781000000000000000e+03 1.403000000000000000e+03 2.167000000000000000e+03 2.276000000000000000e+03 2.553000000000000000e+03 1.953000000000000000e+03 1.098000000000000000e+03
1.000000000000000000e+05 2.841000000000000000e+03 2.654000000000000000e+03 2.057000000000000000e+03 2.353000000000000000e+03 9.500000000000000000e+02 2.467000000000000000e+03 1.772000000000000000e+03 1.356000000000000000e+03 2.095000000000000000e+03 2.215000000000000000e+03 2.475000000000000000e+03 1.903000000000000000e+03 1.071000000000000000e+03
4.642000000000000000e+04 2.778000000000000000e+03 2.585000000000000000e+03 2.010000000000000000e+03 2.264000000000000000e+03 9.240000000000000000e+02 2.393000000000000000e+03 1.772000000000000000e+03 1.313000000000000000e+03 2.029000000000000000e+03 2.157000000000000000e+03 2.401000000000000000e+03 1.855000000000000000e+03 1.047000000000000000e+03
2.154000000000000000e+04 2.718000000000000000e+03 2.518000000000000000e+03 1.965000000000000000e+03 2.183000000000000000e+03 8.990000000000000000e+02 2.323000000000000000e+03 1.741000000000000000e+03 1.272000000000000000e+03 1.967000000000000000e+03 2.102000000000000000e+03 2.332000000000000000e+03 1.809000000000000000e+03 1.023000000000000000e+03
1.000000000000000000e+04 2.660000000000000000e+03 2.453000000000000000e+03 1.922000000000000000e+03 2.107000000000000000e+03 8.750000000000000000e+02 2.257000000000000000e+03 1.697000000000000000e+03 1.234000000000000000e+03 1.909000000000000000e+03 2.050000000000000000e+03 2.267000000000000000e+03 1.766000000000000000e+03 1.001000000000000000e+03
4.642000000000000000e+03 2.604000000000000000e+03 2.391000000000000000e+03 1.881000000000000000e+03 2.036000000000000000e+03 8.530000000000000000e+02 2.195000000000000000e+03 1.655000000000000000e+03 1.198000000000000000e+03 1.854000000000000000e+03 2.001000000000000000e+03 2.205000000000000000e+03 1.725000000000000000e+03 9.800000000000000000e+02
2.154000000000000000e+03 2.549000000000000000e+03 2.332000000000000000e+03 1.841000000000000000e+03 1.970000000000000000e+03 8.320000000000000000e+02 2.136000000000000000e+03 1.614000000000000000e+03 1.164000000000000000e+03 1.803000000000000000e+03 1.954000000000000000e+03 2.147000000000000000e+03 1.685000000000000000e+03 9.600000000000000000e+02
1.000000000000000000e+03 2.497000000000000000e+03 2.274000000000000000e+03 1.804000000000000000e+03 1.908000000000000000e+03 8.120000000000000000e+02 2.081000000000000000e+03 1.574000000000000000e+03 1.132000000000000000e+03 1.755000000000000000e+03 1.908000000000000000e+03 2.092000000000000000e+03 1.648000000000000000e+03 9.410000000000000000e+02
4.641999999999999886e+02 2.447000000000000000e+03 2.220000000000000000e+03 1.768000000000000000e+03 1.852000000000000000e+03 7.930000000000000000e+02 2.028000000000000000e+03 1.536000000000000000e+03 1.102000000000000000e+03 1.710000000000000000e+03 1.865000000000000000e+03 2.039000000000000000e+03 1.612000000000000000e+03 9.230000000000000000e+02
2.154000000000000057e+02 2.399000000000000000e+03 2.167000000000000000e+03 1.733000000000000000e+03 1.797000000000000000e+03 7.740000000000000000e+02 1.978000000000000000e+03 1.499000000000000000e+03 1.074000000000000000e+03 1.667000000000000000e+03 1.824000000000000000e+03 1.989000000000000000e+03 1.578000000000000000e+03 9.050000000000000000e+02
1.000000000000000000e+02 2.353000000000000000e+03 2.115000000000000000e+03 1.699000000000000000e+03 1.746000000000000000e+03 7.570000000000000000e+02 1.931000000000000000e+03 1.463000000000000000e+03 1.046000000000000000e+03 1.626000000000000000e+03 1.785000000000000000e+03 2.118000000000000000e+03 1.545000000000000000e+03 8.880000000000000000e+02
4.642000000000000171e+01 2.309000000000000000e+03 2.067000000000000000e+03 1.667000000000000000e+03 1.698000000000000000e+03 7.400000000000000000e+02 1.885000000000000000e+03 1.429000000000000000e+03 1.021000000000000000e+03 1.587000000000000000e+03 1.748000000000000000e+03 2.072000000000000000e+03 1.514000000000000000e+03 8.710000000000000000e+02
2.153999999999999915e+01 2.266000000000000000e+03 2.021000000000000000e+03 1.637000000000000000e+03 1.653000000000000000e+03 7.250000000000000000e+02 1.842000000000000000e+03 1.395000000000000000e+03 9.960000000000000000e+02 1.550000000000000000e+03 1.712000000000000000e+03 2.029000000000000000e+03 1.484000000000000000e+03 8.560000000000000000e+02
1.000000000000000000e+01 2.223000000000000000e+03 1.977000000000000000e+03 1.611000000000000000e+03 1.610000000000000000e+03 7.090000000000000000e+02 1.801000000000000000e+03 1.363000000000000000e+03 9.730000000000000000e+02 1.515000000000000000e+03 1.677000000000000000e+03 1.987000000000000000e+03 1.455000000000000000e+03 8.400000000000000000e+02
4.642000000000000348e+00 2.182000000000000000e+03 1.935000000000000000e+03 1.580000000000000000e+03 1.569000000000000000e+03 6.950000000000000000e+02 1.761000000000000000e+03 1.332000000000000000e+03 9.510000000000000000e+02 1.481000000000000000e+03 1.644000000000000000e+03 1.947000000000000000e+03 1.428000000000000000e+03 8.260000000000000000e+02
2.153999999999999915e+00 2.142000000000000000e+03 1.894000000000000000e+03 1.551000000000000000e+03 1.531000000000000000e+03 6.810000000000000000e+02 1.724000000000000000e+03 1.303000000000000000e+03 9.290000000000000000e+02 1.449000000000000000e+03 1.612000000000000000e+03 1.908000000000000000e+03 1.401000000000000000e+03 8.110000000000000000e+02
1.000000000000000000e+00 2.103000000000000000e+03 1.855000000000000000e+03 1.523000000000000000e+03 1.494000000000000000e+03 6.670000000000000000e+02 1.688000000000000000e+03 1.274000000000000000e+03 9.090000000000000000e+02 1.418000000000000000e+03 1.582000000000000000e+03 1.871000000000000000e+03 1.375000000000000000e+03 7.980000000000000000e+02
4.642000000000000015e-01 2.064000000000000000e+03 1.818000000000000000e+03 1.498000000000000000e+03 1.459000000000000000e+03 6.540000000000000000e+02 1.653000000000000000e+03 1.247000000000000000e+03 8.900000000000000000e+02 1.388000000000000000e+03 1.553000000000000000e+03 1.836000000000000000e+03 1.351000000000000000e+03 7.840000000000000000e+02
2.154000000000000081e-01 2.026000000000000000e+03 1.782000000000000000e+03 1.473000000000000000e+03 1.426000000000000000e+03 6.420000000000000000e+02 1.620000000000000000e+03 1.220000000000000000e+03 8.710000000000000000e+02 1.360000000000000000e+03 1.524000000000000000e+03 1.801000000000000000e+03 1.327000000000000000e+03 7.720000000000000000e+02
1.000000000000000056e-01 1.989000000000000000e+03 1.748000000000000000e+03 1.448000000000000000e+03 1.394000000000000000e+03 6.300000000000000000e+02 1.588000000000000000e+03 1.195000000000000000e+03 8.530000000000000000e+02 1.333000000000000000e+03 1.497000000000000000e+03 1.780000000000000000e+03 1.304000000000000000e+03 7.590000000000000000e+02
