1.000000000000000056e-01 6.300000000000000000e+02 7.590000000000000000e+02 8.530000000000000000e+02 1.195000000000000000e+03 1.448000000000000000e+03 1.497000000000000000e+03 1.588000000000000000e+03 1.304000000000000000e+03 1.333000000000000000e+03 1.394000000000000000e+03 1.748000000000000000e+03 1.780000000000000000e+03 1.989000000000000000e+03
1.262999999999999956e-01 6.336514806056142106e+02 7.629557706560821089e+02 8.584772209084213728e+02 1.202607251261696319e+03 1.455607251261696319e+03 1.505215831362632116e+03 1.597737281614971380e+03 1.310998671160760523e+03 1.341215831362632116e+03 1.403737281614971380e+03 1.758345861715906949e+03 1.786390091059824954e+03 2.000258731867310644e+03
1.594000000000000139e-01 6.372914963712659073e+02 7.668991210688714091e+02 8.639372445568989178e+02 1.210190617440137203e+03 1.463190617440137203e+03 1.513405866835348206e+03 1.607443990323375829e+03 1.317975368044926427e+03 1.349405866835348206e+03 1.413443990323375829e+03 1.768659239718586832e+03 1.792760118649715423e+03 2.011482113811403224e+03
2.013000000000000067e-01 6.409412523853159200e+02 7.708530234174255611e+02 8.694118785779738801e+02 1.217794275802741595e+03 1.470794275802741595e+03 1.521617817866960877e+03 1.617176673027509196e+03 1.324970733738522313e+03 1.357617817866960877e+03 1.423176673027509196e+03 1.779000215091728478e+03 1.799147191674302803e+03 2.022735528188057515e+03
2.540999999999999925e-01 6.445823458481189618e+02 7.745823458481189618e+02 8.750887142595216801e+02 1.225810278158267693e+03 1.478379887183581104e+03 1.530240669132954054e+03 1.627101451082327230e+03 1.332164691696237924e+03 1.366025473645610873e+03 1.433101451082327230e+03 1.789747037544356772e+03 1.808531842057013591e+03 2.034177428519043360e+03
3.209000000000000186e-01 6.482301077315695466e+02 7.782301077315695466e+02 8.808643372416518105e+02 1.234017742396031508e+03 1.485979391107436641e+03 1.539056093684626376e+03 1.637132796261816338e+03 1.339460215463139093e+03 1.374536918040329056e+03 1.443132796261816338e+03 1.800690323194708753e+03 1.819171147550411206e+03 2.045728674483303621e+03
4.051000000000000156e-01 6.518716610293455460e+02 7.818716610293455460e+02 8.866301299631304573e+02 1.242211237316027564e+03 1.493565960477803173e+03 1.547856514154251727e+03 1.647147067830700280e+03 1.346743322058691092e+03 1.383033875735139645e+03 1.453147067830700280e+03 1.811614983088036752e+03 1.829792344668924670e+03 2.057260259926260915e+03
5.115000000000000657e-01 6.556436692683770389e+02 7.857701053659445734e+02 8.924022858537819047e+02 1.250413774634321499e+03 1.501160902439186657e+03 1.556666646829456568e+03 1.657425263414861320e+03 1.354034466341619236e+03 1.391793082927023988e+03 1.463425263414861320e+03 1.822678135609996389e+03 1.840425263414861320e+03 2.068931007805131230e+03
6.458000000000000407e-01 6.595929687532382104e+02 7.900231971188718489e+02 8.981743389470403827e+02 1.258616165872110059e+03 1.508755709140842555e+03 1.565476622603377336e+03 1.668057992797179622e+03 1.361325480775208916e+03 1.400906850969011202e+03 1.474057992797179622e+03 1.833918449528447127e+03 1.851057992797179622e+03 2.080778906259714404e+03
8.154000000000000137e-01 6.635430586175948520e+02 7.942771400497175591e+02 9.039475472103309812e+02 1.266820198667312525e+03 1.516352035803067110e+03 1.574288361531557712e+03 1.678692850124293955e+03 1.368617954370944290e+03 1.410022442963680533e+03 1.484692850124293955e+03 1.845161012988539142e+03 1.861692850124293955e+03 2.092629175852784556e+03
1.030000000000000027e+00 6.675393052226397685e+02 7.985007834210225610e+02 9.097704360323424453e+02 1.275117132246896517e+03 1.524078610445279537e+03 1.583155654048513725e+03 1.689386784858216515e+03 1.376001566842045122e+03 1.419194175850130705e+03 1.495425306659833495e+03 1.856502350263067683e+03 1.872425306659833495e+03 2.104502350263067910e+03
1.300000000000000044e+00 6.717868792823574040e+02 8.024449593336175894e+02 9.158383989747961778e+02 1.283915678513454623e+03 1.532573758564714808e+03 1.592257598462194437e+03 1.700309118154633097e+03 1.383889918667235179e+03 1.428599518410934252e+03 1.506651038103372912e+03 1.868334878000852541e+03 1.883651038103372912e+03 2.116334878000852768e+03
1.641000000000000014e+00 6.760369362429102011e+02 8.063914407969880358e+02 9.219099089184431932e+02 1.292719367931742454e+03 1.541073872485820402e+03 1.601364863377664733e+03 1.711237836053197725e+03 1.391782881593976072e+03 1.438010358823586785e+03 1.517883331499119777e+03 1.880174322390964107e+03 1.894883331499119777e+03 2.128174322390964335e+03
2.072000000000000064e+00 6.802918640175167866e+02 8.103424451591226898e+02 9.279883771678811399e+02 1.301533146893427556e+03 1.549583728035033573e+03 1.610482565751821539e+03 1.722179078902185893e+03 1.399684890318245380e+03 1.447431984610215750e+03 1.529128497760580103e+03 1.892027335477368069e+03 1.906128497760580103e+03 2.140027335477368069e+03
2.617000000000000437e+00 6.845500939531970062e+02 8.148036720927110537e+02 9.345787190693094999e+02 1.310353766045908060e+03 1.558353766045908060e+03 1.620114500464450202e+03 1.733382391162020667e+03 1.407846609766879965e+03 1.457114500464450202e+03 1.540635969301534715e+03 1.904396703720076857e+03 1.917889547441048762e+03 2.152143125580562810e+03
3.304000000000000270e+00 6.888004112817396845e+02 8.193575835161497025e+02 9.412577891570196016e+02 1.319157994797889387e+03 1.567157994797889387e+03 1.629829511501119441e+03 1.744615372673169304e+03 1.416043650329069578e+03 1.466829511501119441e+03 1.552172544907579322e+03 1.916844061610809149e+03 1.929729717141989340e+03 2.164286889376399358e+03
4.171000000000000263e+00 6.930492102626297992e+02 8.239098681385319196e+02 9.479344732698468761e+02 1.327959078401161833e+03 1.575959078401161833e+03 1.639541052028868080e+03 1.755844341408378796e+03 1.424237762649357364e+03 1.476541052028868080e+03 1.563704999284280802e+03 1.929286972911987277e+03 1.941565657160183036e+03 2.176426315036085271e+03
5.266000000000000014e+00 6.973008457201367492e+02 8.283008457201367492e+02 9.546156147030720831e+02 1.337094729808874263e+03 1.585094729808874263e+03 1.649423422054608181e+03 1.767573844914676556e+03 1.432437345317406653e+03 1.486587768177475027e+03 1.575738191037543402e+03 1.941902537160410475e+03 1.953573844914676556e+03 2.188738191037543402e+03
6.649000000000000021e+00 7.015549067579595430e+02 8.325549067579595430e+02 9.613005677625078533e+02 1.346514436392624702e+03 1.594514436392624702e+03 1.659450851643761780e+03 1.779728305022741552e+03 1.440641605890350547e+03 1.496919059269330319e+03 1.588196512648310090e+03 1.954664720273878629e+03 1.965728305022741552e+03 2.201196512648310090e+03
8.395999999999999019e+00 7.058106739813508739e+02 8.368106739813508739e+02 9.679882019706942629e+02 1.355937920958705490e+03 1.603937920958705490e+03 1.669482302956041394e+03 1.791887639946716718e+03 1.448849156964033909e+03 1.507254493954709233e+03 1.600659830945384783e+03 1.967432021944052622e+03 1.977887639946716718e+03 2.213659830945384783e+03
1.060000000000000142e+01 7.102150009602451064e+02 8.412150009602451064e+02 9.747465638803522552e+02 1.365430001920490213e+03 1.612974376560398241e+03 1.679657814600536085e+03 1.804113439960628057e+03 1.457202189240444113e+03 1.517657814600536085e+03 1.613265315080658638e+03 1.980341252640673929e+03 1.990189377520643347e+03 2.226265315080658638e+03
1.338000000000000256e+01 7.150714896582650226e+02 8.460714896582650226e+02 9.817277663837560340e+02 1.375142979316530045e+03 1.620866170694680704e+03 1.690281383627454716e+03 1.816558192249304284e+03 1.466004575005605375e+03 1.528281383627454716e+03 1.626317128456587398e+03 1.993696596560228954e+03 2.002937660352945841e+03 2.239317128456587398e+03
1.690000000000000213e+01 7.199414383596739526e+02 8.509414383596739526e+02 9.887283176420313566e+02 1.384882876719347905e+03 1.628779837334470130e+03 1.700934396411786793e+03 1.829037435796664568e+03 1.474831357026909018e+03 1.538934396411786793e+03 1.639405115591623826e+03 2.007088955489103455e+03 2.015721275694144197e+03 2.252405115591623598e+03
2.134000000000000341e+01 7.248054872360601166e+02 8.558054872360601166e+02 9.957203879018363750e+02 1.394610974472120233e+03 1.636683916758597661e+03 1.711574503328881292e+03 1.841501561042403864e+03 1.483647445615358947e+03 1.549574503328881292e+03 1.652477246946911464e+03 2.020465089899165150e+03 2.028489403994657778e+03 2.265477246946911237e+03
2.693999999999999773e+01 7.293701818691814651e+02 8.603701818691814651e+02 1.003283636448635775e+03 1.404905745570144518e+03 1.645740363738362930e+03 1.722488436486035425e+03 1.854527854691653374e+03 1.492740363738362930e+03 1.560779781943980879e+03 1.666110545607544282e+03 2.034401891065489735e+03 2.041527854691653374e+03 2.278527854691653374e+03
3.401000000000000512e+01 7.339228663609605974e+02 8.649228663609605974e+02 1.010871443934934291e+03 1.415225163751510536e+03 1.654845732721921195e+03 1.733414879266305434e+03 1.867578883568086894e+03 1.501845732721921195e+03 1.572009737023702655e+03 1.679768599082881792e+03 2.048363456840279014e+03 2.054578883568086894e+03 2.291578883568086894e+03
4.293999999999999773e+01 7.384776366066538458e+02 8.694776366066538458e+02 1.018462727677756448e+03 1.425549309641748778e+03 1.663955273213307692e+03 1.744346327855969321e+03 1.880635891605741108e+03 1.510955273213307692e+03 1.583244836963079706e+03 1.693432909819961651e+03 2.062331418927071809e+03 2.067635891605741108e+03 2.304635891605741108e+03
5.422000000000000597e+01 7.434405703039280979e+02 8.744405703039280979e+02 1.026059662211659088e+03 1.435881140607856196e+03 1.673476367630923505e+03 1.755488300073255459e+03 1.894309778469452567e+03 1.520273981142457160e+03 1.594893073050188150e+03 1.707714551446385258e+03 2.076714551446385485e+03 2.081309778469452795e+03 2.317905005492520104e+03
6.846000000000000796e+01 7.486063129332385415e+02 8.796063129332385415e+02 1.033656342548880275e+03 1.446212625866477083e+03 1.683200118462566707e+03 1.766731386972342762e+03 1.908287670289939797e+03 1.529693864760611632e+03 1.606743894376253138e+03 1.722300177693850173e+03 2.091300177693849946e+03 2.095287670289939797e+03 2.331275162886029193e+03
8.643999999999999773e+01 7.537720801398351114e+02 8.847720801398351114e+02 1.041253059029169208e+03 1.456544160279670223e+03 1.692923915557336613e+03 1.777974527363170409e+03 1.922265628613671424e+03 1.539113793196169809e+03 1.618594772085504019e+03 1.736885873336005034e+03 2.105885873336004806e+03 2.109265628613671197e+03 2.344645383891338042e+03
1.091000000000000085e+02 7.589295695698542659e+02 8.899295695698542659e+02 1.049178114585642334e+03 1.467086147324397189e+03 1.702859139139708532e+03 1.789426659601430401e+03 1.936334692340185256e+03 1.548745635047364203e+03 1.630653667786119058e+03 1.751788708709562798e+03 2.120902212801906899e+03 2.103357972087576854e+03 2.358221188247840928e+03
1.378000000000000114e+02 7.641035776488371312e+02 8.951035776488371312e+02 1.057700010245143631e+03 1.478042870315184700e+03 1.713207155297674262e+03 1.801296442841450016e+03 1.950639302911491086e+03 1.558789297788919157e+03 1.643132157858960227e+03 1.767310732946511507e+03 2.136728590455266840e+03 2.064096381370588460e+03 2.372221445402735753e+03
1.740000000000000000e+02 7.692712378090466245e+02 9.002712378090466245e+02 1.066211450509017823e+03 1.488986150654451649e+03 1.723542475618093249e+03 1.813151663208989248e+03 1.964926363354422847e+03 1.568820638099914049e+03 1.655595338245347648e+03 1.782813713427139874e+03 2.152535550945318846e+03 2.024882960154881630e+03 2.386204525836243647e+03
2.197000000000000171e+02 7.744891233626569829e+02 9.054633800277803175e+02 1.074720813376547085e+03 1.499952503390437414e+03 1.733901016720684083e+03 1.825055476729944075e+03 1.979287166743834177e+03 1.578875273385807304e+03 1.668106963399697406e+03 1.798415883418217618e+03 2.168364396748464515e+03 1.990287166743834177e+03 2.400235680074080847e+03
2.774000000000000341e+02 7.802596950787215064e+02 9.109302374429993279e+02 1.083224813800221000e+03 1.511189932521720721e+03 1.744531017250276363e+03 1.837507763064609435e+03 1.994472881786109156e+03 1.589201559614554299e+03 1.681166678336053792e+03 1.815120169964719935e+03 2.184461254693275805e+03 2.005472881786109156e+03 2.414813966514664571e+03
3.502000000000000455e+02 7.860264654888876521e+02 9.163934936210514479e+02 1.091723212299413490e+03 1.522419959109939100e+03 1.755154015374266692e+03 1.849951846581283917e+03 2.009648593391809754e+03 1.599521043506430487e+03 1.694217790316956325e+03 1.831813452730990548e+03 2.200547508995318367e+03 2.020648593391809754e+03 2.429382649656137346e+03
4.421000000000000227e+02 7.917929332380062988e+02 9.218564630675848548e+02 1.100221164771798840e+03 1.533649396305591154e+03 1.765776455964748493e+03 1.862395276987276702e+03 2.024823508521069243e+03 1.609839985794327049e+03 1.707268217328119590e+03 1.848505859373176008e+03 2.216632919032333120e+03 2.035823508521069243e+03 2.443950568180226583e+03
5.583000000000000682e+02 7.975697894205413832e+02 9.273292741878813104e+02 1.109215456979802184e+03 1.545139578841082766e+03 1.776658548375762621e+03 1.875342155004383130e+03 2.040747307330984086e+03 1.620658548375762621e+03 1.720823185469703276e+03 1.865468853028964304e+03 2.232987822563643931e+03 2.051747307330983858e+03 2.459025761633003640e+03
7.049000000000000909e+02 8.033422689278271491e+02 9.327979389842572573e+02 1.118329898307095391e+03 1.556684537855654298e+03 1.787595877968514515e+03 1.888406187573503530e+03 2.056849487009202221e+03 1.631595877968514515e+03 1.734494847460643314e+03 1.882482476839911669e+03 2.249393816952771886e+03 2.067849487009202221e+03 2.474216497178492318e+03
8.900000000000000000e+02 8.091148974138029644e+02 9.382667449183396684e+02 1.127444574863899561e+03 1.568229794827605929e+03 1.798533489836679337e+03 1.901470557304922522e+03 2.072952082259555937e+03 1.642533489836679337e+03 1.748166862295849114e+03 1.899496539745945711e+03 2.265800234755019119e+03 2.083952082259555937e+03 2.489407624773165935e+03
1.124000000000000000e+03 8.150467796818488750e+02 9.438944406977564086e+02 1.136874847490958246e+03 1.580093559363697750e+03 1.809636542411420578e+03 1.915007593268252549e+03 2.089378644125084520e+03 1.653636542411420578e+03 1.762312271236437482e+03 1.917445017013731558e+03 2.282835661077361692e+03 2.100378644125084520e+03 2.504921627172807348e+03
1.419000000000000000e+03 8.211213417566011685e+02 9.496652746687710760e+02 1.146594146810561824e+03 1.592242683513202337e+03 1.820874482249712173e+03 1.928979086040182665e+03 2.106083689830652929e+03 1.664874482249712173e+03 1.776891220215842623e+03 1.936276159445463463e+03 2.300451891094143321e+03 2.117083689830652929e+03 2.520715488567162993e+03
1.791000000000000000e+03 8.271897285778875357e+02 9.554302421489931021e+02 1.156303565724620057e+03 1.604379457155775071e+03 1.832100997869091998e+03 1.942936375729141218e+03 2.122771753589190666e+03 1.676100997869091998e+03 1.791455348586930086e+03 1.955088158591451247e+03 2.318050212875873967e+03 2.133771753589190666e+03 2.536493294302507366e+03
2.262000000000000000e+03 8.333380486033917123e+02 9.612743320032301426e+02 1.166166364405491322e+03 1.616612380606621855e+03 1.843548664006460285e+03 1.956994680207590818e+03 2.139759279409528972e+03 1.687548664006460285e+03 1.806249546608236869e+03 1.974205295610659505e+03 2.335759279409528972e+03 2.150695562809367402e+03 2.552504413008883148e+03
2.856000000000000000e+03 8.397153689483591279e+02 9.673479704270087041e+02 1.176491549725914865e+03 1.629063339375367832e+03 1.855695940854017408e+03 1.971267730503470375e+03 2.157676512759675916e+03 1.699695940854017408e+03 1.821737324588872298e+03 1.994248302409128655e+03 2.353676512759675916e+03 2.168309114238325492e+03 2.569206918674273766e+03
3.605000000000000000e+03 8.460852243139204347e+02 9.734144993465909010e+02 1.186804648889204600e+03 1.641499723660511336e+03 1.867828998693181802e+03 1.985524073464488538e+03 2.175572773072442942e+03 1.711828998693181802e+03 1.837206973333806673e+03 2.014267847843749905e+03 2.371572773072442942e+03 2.185902048105113408e+03 2.585889873203124807e+03
4.552000000000000000e+03 8.524645209656910083e+02 9.794900199673247698e+02 1.197133033944452109e+03 1.653954540933015778e+03 1.879980039934649540e+03 1.999801546923213209e+03 2.193495558903608071e+03 1.723980039934649540e+03 1.852699550916678163e+03 2.034317065892171513e+03 2.389495558903608071e+03 2.203521057905241832e+03 2.602597554910143117e+03
5.748000000000000000e+03 8.591262741638433909e+02 9.858478071563959020e+02 1.208024812268107326e+03 1.666695614312791804e+03 1.892417147305344542e+03 2.014644883364923999e+03 2.212264954461740217e+03 1.736417147305344542e+03 1.869315685409608477e+03 2.055771157528767162e+03 2.408264954461740217e+03 2.222264954461740217e+03 2.619594152417055739e+03
7.257000000000000000e+03 8.658089093946912271e+02 9.922266862403870391e+02 1.218960033554949177e+03 1.679453372480774078e+03 1.904871149326470004e+03 2.029528934560903053e+03 2.231097835566857157e+03 1.748871149326470004e+03 1.886022273486727954e+03 2.077337843955594508e+03 2.427097835566857157e+03 2.241097835566857157e+03 2.636604496641032256e+03
9.163000000000000000e+03 8.724941981228064378e+02 9.986080982081334696e+02 1.229899596928228675e+03 1.692216196416266939e+03 1.917330096501593744e+03 2.044418895818977944e+03 2.249938194709727213e+03 1.761330096501593744e+03 1.902735495307016208e+03 2.098913093941784609e+03 2.445938194709727213e+03 2.259938194709727213e+03 2.653621595221688949e+03
1.157000000000000000e+04 8.795612009984724864e+02 1.005181100915266484e+03 1.241221901580914846e+03 1.705362201830532968e+03 1.930172151788930023e+03 2.059882602163357205e+03 2.269543302745799338e+03 1.774172151788930023e+03 1.920022902412975327e+03 2.121443803161829692e+03 2.465353252704196620e+03 2.279353252704196620e+03 2.671022902412975327e+03
1.461000000000000000e+04 8.868579330347911309e+02 1.011869771948558537e+03 1.252775060638419291e+03 1.718739543897117073e+03 1.943245463354000776e+03 2.075692188242047450e+03 2.289609315845675610e+03 1.787245463354000776e+03 1.937656671500745233e+03 2.144550121276838581e+03 2.485115235302559540e+03 2.299115235302559540e+03 2.688656671500745233e+03
1.844000000000000000e+04 8.941398179214030506e+02 1.018544833094619435e+03 1.264304711708888135e+03 1.732089666189238869e+03 1.956292173775847004e+03 2.091469605496373333e+03 2.309634499283858531e+03 1.800292173775847004e+03 1.955254559976724067e+03 2.167609423417776270e+03 2.504837006870466666e+03 2.318837006870466666e+03 2.706254559976724067e+03
2.329000000000000000e+04 9.015433220500407288e+02 1.025441589168039172e+03 1.276171048162066882e+03 1.744153719342050408e+03 1.969577979690073334e+03 2.107595308510089581e+03 2.330121301740114177e+03 1.813679712572075005e+03 1.973307438684101044e+03 2.191240363442132093e+03 2.524816103094109167e+03 2.339019568858112507e+03 2.724103972920097931e+03
2.940000000000000000e+04 9.091287905210947429e+02 1.032723638900250990e+03 1.288611216454595251e+03 1.753559700246157490e+03 1.983231822937970492e+03 2.124283339146408252e+03 2.351360613459065007e+03 1.827636974558814245e+03 1.992119400492314753e+03 2.215817281288346749e+03 2.545145158596533747e+03 2.359955461838221254e+03 2.742309097250627474e+03
3.712000000000000000e+04 9.167204662881465538e+02 1.040011647636620637e+03 1.301061564712560312e+03 1.762973378197301827e+03 1.996896839318663751e+03 2.140985025833922464e+03 2.372617305606810532e+03 1.841605657970189668e+03 2.010946756394603653e+03 2.240414310773594934e+03 2.565490849652233010e+03 2.380908486955284388e+03 2.760529119091551820e+03
4.687000000000000000e+04 9.243268434776939557e+02 1.047301701671717410e+03 1.313540548828493684e+03 1.772000000000000000e+03 2.010590832440446775e+03 2.157729112373317093e+03 2.393930246821129003e+03 1.855603403343434820e+03 2.029829679597223048e+03 2.265118810365952413e+03 2.585867392306187867e+03 2.401930246821129003e+03 2.778791966888258230e+03
5.918000000000000000e+04 9.322275958603103163e+02 1.054594703871055572e+03 1.326607177768974680e+03 1.772000000000000000e+03 2.024872961747483942e+03 2.175353867688384526e+03 2.416417003602421573e+03 1.870189407742111371e+03 2.049885435645403049e+03 2.292163693521831192e+03 2.606834773629284882e+03 2.424417003602421573e+03 2.797936097661521217e+03
7.472000000000000000e+04 9.401269358971856036e+02 1.061886402366632865e+03 1.339671470906883769e+03 1.772000000000000000e+03 2.039152537967989247e+03 2.192975472386029196e+03 2.438899740630451106e+03 1.884772804733265730e+03 2.069937606508240151e+03 2.319203742109596988e+03 2.627798406804069600e+03 2.446899740630451106e+03 2.817076806212411157e+03
9.434000000000000000e+04 9.480260501986465442e+02 1.069177892491058401e+03 1.352735390713146217e+03 1.772000000000000000e+03 2.053431706128322730e+03 2.210596573520057518e+03 2.461381835180763119e+03 1.899355784982116802e+03 2.089989204350410546e+03 2.346243017987674648e+03 2.648761440911792761e+03 2.469381835180763119e+03 2.836216967789028331e+03
1.191000000000000000e+05 9.566060600027484497e+02 1.077150469657731264e+03 1.366706373107902664e+03 1.774050156552577164e+03 2.068161963452919736e+03 2.228895505523022621e+03 2.484995818628176494e+03 1.914389758625428385e+03 2.111401252420616856e+03 2.374868336560822172e+03 2.670173457248108207e+03 2.492768023455668299e+03 2.856034481385565414e+03
1.504000000000000000e+05 9.654246169340651704e+02 1.085360850248957149e+03 1.380998517100036679e+03 1.776786950082985641e+03 2.083062283785144700e+03 2.247444883895792373e+03 2.509018784061763654e+03 1.929594167127698483e+03 2.133295600663886034e+03 2.404060800885181379e+03 2.691763717321332024e+03 2.516486900719209643e+03 2.876104300608561971e+03
1.899000000000000000e+05 9.742380441894179057e+02 1.093566454934975354e+03 1.395282347479401324e+03 1.779522151644991709e+03 2.097953936733843875e+03 2.265983472260499639e+03 2.533027775550483057e+03 1.944789731361065378e+03 2.155177213159934126e+03 2.433236284213245199e+03 2.713341418532712851e+03 2.540191980923261781e+03 2.896162445396606017e+03
2.397000000000000000e+05 9.831764301650011930e+02 1.102037215826167767e+03 1.409960716941668579e+03 1.788656788635835483e+03 2.113239145619335432e+03 2.285048932024169517e+03 2.557554790123169823e+03 1.960517574297002284e+03 2.177580289751336295e+03 2.463478291238670863e+03 2.735023432396003045e+03 2.564415575784336852e+03 2.916466575040669341e+03
3.027000000000000000e+05 9.922939757159690544e+02 1.110850843192103412e+03 1.425156626193281681e+03 1.805372288812609895e+03 2.129042891241012967e+03 2.304803614051266322e+03 2.582779999480847891e+03 1.976929156288744252e+03 2.200678071813788392e+03 2.495085782482025934e+03 2.756905541718325821e+03 2.589336866956982249e+03 2.937133011622863251e+03
3.822000000000000000e+05 1.001405572253072251e+03 1.119658719844636380e+03 1.440342620421786933e+03 1.822076882463965831e+03 2.144836325238658446e+03 2.324545406548323172e+03 2.607988749900166567e+03 1.993330030055529960e+03 2.223760783041116156e+03 2.526672650477316893e+03 2.778773373407373128e+03 2.614241897491730924e+03 2.957785963773630556e+03
4.826000000000000000e+05 1.010620876482171411e+03 1.128519571702035819e+03 1.455684576673596439e+03 1.838785881453732145e+03 2.160583271893460733e+03 2.344393710134546382e+03 2.633406757935903443e+03 2.009937838623935704e+03 2.247204148375632030e+03 2.558774372467735702e+03 2.800748276865021580e+03 2.639356105545835817e+03 2.976215657361628473e+03
6.093000000000000000e+05 1.020341408925839573e+03 1.137632570867974664e+03 1.471784208533421861e+03 1.855493046591286657e+03 2.176075370475556610e+03 2.364746074938476795e+03 2.659834455517126116e+03 2.027556303678084305e+03 2.272416779401396525e+03 2.593403769298303359e+03 2.823227008141003807e+03 2.665480036488193946e+03 2.983506056694379822e+03
7.693000000000000000e+05 1.030063928199915836e+03 1.146747432687420996e+03 1.487887131081110510e+03 1.872203626593605122e+03 2.191570635568615671e+03 2.385102599668573475e+03 2.686267554793520958e+03 2.045178369862347381e+03 2.297634563768531279e+03 2.628040244212199923e+03 2.845710333962304958e+03 2.691609307037273538e+03 2.990797946149936706e+03
9.713000000000000000e+05 1.039785785188096497e+03 1.155861673613840367e+03 1.503988956717784731e+03 1.888913068292040634e+03 2.207064845143528601e+03 2.405457737737576736e+03 2.712698853480137132e+03 2.062799235653424603e+03 2.322850630331624870e+03 2.662674359732593530e+03 2.868192128247472738e+03 2.717736797693009066e+03 2.998089338891072202e+03
1.226000000000000000e+06 1.050293942775649612e+03 1.166028401553488266e+03 1.520870308441039469e+03 1.907463555774008000e+03 2.224135849663201043e+03 2.427650050439945062e+03 2.741226416105334920e+03 2.080932473329685308e+03 2.349898709994527962e+03 2.699927111548016001e+03 2.890915591662106635e+03 2.745960874883173346e+03 2.999000000000000000e+03
1.548000000000000000e+06 1.060931190388442928e+03 1.176361727805915962e+03 1.537889904621508549e+03 1.926306680116670123e+03 2.241459367204035516e+03 2.450140231106993269e+03 2.770098945340059345e+03 2.099167754951616189e+03 2.377251632427424283e+03 2.737613360233340245e+03 2.913709693689520464e+03 2.774529482757532151e+03 2.999000000000000000e+03
1.955000000000000000e+06 1.071578449151354562e+03 1.186704779175601743e+03 1.554925518642167390e+03 1.945167538496685211e+03 2.258799188617920208e+03 2.472651578205721307e+03 2.798998647696534135e+03 2.117420198545179119e+03 2.404630297817769133e+03 2.775335076993370421e+03 2.936525248181474126e+03 2.803124977720780862e+03 2.999000000000000000e+03
2.468000000000000000e+06 1.082557558860558629e+03 1.197380327540003009e+03 1.572456647912782728e+03 1.964520035836116676e+03 2.276633879233338575e+03 2.495824043003340194e+03 2.829254826017231153e+03 2.136342804515561056e+03 2.433191438093896977e+03 2.814217302992788973e+03 2.955393259989448779e+03 2.832900363376119913e+03 2.999000000000000000e+03
3.117000000000000000e+06 1.093807775582125714e+03 1.208326484350176315e+03 1.590396182685011127e+03 1.984283930076707293e+03 2.294877473916960298e+03 2.519540716092048569e+03 2.860572996890782179e+03 2.155802638844757894e+03 2.462685249499086240e+03 2.854049151385363530e+03 2.971508435293314960e+03 2.863610414426883381e+03 2.999000000000000000e+03
3.935000000000000000e+06 1.105037607928125226e+03 1.219252807713851553e+03 1.608303212642145581e+03 2.004012013927787621e+03 2.313088012856419482e+03 2.543214416713345145e+03 2.891834422070186520e+03 2.175227213713514175e+03 2.492125620784544481e+03 2.893808828069848914e+03 2.987594411356503770e+03 2.894264821641639173e+03 2.999000000000000000e+03
4.968000000000000000e+06 1.116449142832605730e+03 1.230537582392416198e+03 1.626394813148434650e+03 2.024279208746538643e+03 2.331571692268055358e+03 2.567428923024073811e+03 2.922843955981040381e+03 2.195013890067107695e+03 2.522374593339902731e+03 2.928809846105400993e+03 2.999000000000000000e+03 2.905652571502182582e+03 2.999000000000000000e+03
6.273000000000000000e+06 1.128301873679981554e+03 1.242694229415365726e+03 1.644933699858432647e+03 2.045857257212274135e+03 2.350718411329200990e+03 2.592957881772268138e+03 2.953235573538414428e+03 2.215680190006121848e+03 2.554589707950719003e+03 2.952211391624578937e+03 2.999000000000000000e+03 2.870094378960055110e+03 2.999000000000000000e+03
7.920000000000000000e+06 1.140149478596734070e+03 1.254845619073573289e+03 1.663464569087199379e+03 2.067425973855592929e+03 2.369856850040878271e+03 2.618475800054503907e+03 2.983614047683933222e+03 2.236337552425074591e+03 2.586790890544969443e+03 2.975602816716628695e+03 2.999000000000000000e+03 2.834551564209798016e+03 2.999000000000000000e+03
1.000000000000000000e+07 1.152000000000000000e+03 1.267000000000000000e+03 1.682000000000000000e+03 2.089000000000000000e+03 2.389000000000000000e+03 2.644000000000000000e+03 3.014000000000000000e+03 2.257000000000000000e+03 2.619000000000000000e+03 2.999000000000000000e+03 2.999000000000000000e+03 2.799000000000000000e+03 2.999000000000000000e+03
