1.000000000000000056e-01 5.987907588963095122e+02 6.956272752831797561e+02 7.870128815567780975e+02 1.120692579122853431e+03 1.302319854406033073e+03 1.362025763113556195e+03 1.433136824443790374e+03 1.274267880151029203e+03 1.263398487830376325e+03 1.314169700377573008e+03 1.577293643264585398e+03 1.644457126877715154e+03 1.811515765925053756e+03
1.262999999999999956e-01 6.022296509190236975e+02 6.989071023357770400e+02 7.915627231492599094e+02 1.126947985007253237e+03 1.308324033726344169e+03 1.368942687096251120e+03 1.441111676339547557e+03 1.281106524259190792e+03 1.270990811630805410e+03 1.322925995404475316e+03 1.585930013258637473e+03 1.653146518528472825e+03 1.819993070948989271e+03
1.594000000000000139e-01 6.056577455828177108e+02 7.021766314582129098e+02 7.960982792473500922e+02 1.133183750303324814e+03 1.314309361254067653e+03 1.375837893470376002e+03 1.449061488967515743e+03 1.287923696540241963e+03 1.278559297216899495e+03 1.331654797605318436e+03 1.594539266964659191e+03 1.661808627414947296e+03 1.828443759113652732e+03
2.013000000000000067e-01 6.090950134193966505e+02 7.054549094509418410e+02 8.006459719530441816e+02 1.139436201764195175e+03 1.320310704804967600e+03 1.382751550595037543e+03 1.457032574346675801e+03 1.294759110761896181e+03 1.286148035168465185e+03 1.340406957040615907e+03 1.603171558007610201e+03 1.670493915072515165e+03 1.836917060312753620e+03
2.540999999999999925e-01 6.125248926391351461e+02 7.086234296917914435e+02 8.052865553340806173e+02 1.145880484714868089e+03 1.326299079058346024e+03 1.389650289532669831e+03 1.464986448225355616e+03 1.301579888703218103e+03 1.293823167497014538e+03 1.349345688409782269e+03 1.611887910896042968e+03 1.679263162840267114e+03 1.845372054222297720e+03
3.209000000000000186e-01 6.159613695652019487e+02 7.117558663302766035e+02 8.099782255419132753e+02 1.152421459279840064e+03 1.332298944179173077e+03 1.396562275516242153e+03 1.472955590465569230e+03 1.308413810423913219e+03 1.301555240580664758e+03 1.358385956406426885e+03 1.620663170736544771e+03 1.688091424311997343e+03 1.853843273775217540e+03
4.051000000000000156e-01 6.193919975180913298e+02 7.148829714800675674e+02 8.146619104049308362e+02 1.158951300935844756e+03 1.338288597373391667e+03 1.403462497119755653e+03 1.480911169018258079e+03 1.315236100631957015e+03 1.309274153474665809e+03 1.367410837631628965e+03 1.629423494856383286e+03 1.696904659852908480e+03 1.862300075091957751e+03
5.115000000000000657e-01 6.228260633739827199e+02 7.181338629021862516e+02 8.194106326022083522e+02 1.165487750567332341e+03 1.344344609496966768e+03 1.410490309991241247e+03 1.488995405617666620e+03 1.322125527232576360e+03 1.317061126999934686e+03 1.376505101083195314e+03 1.638252963635826745e+03 1.705304484770670797e+03 1.870825718738602291e+03
6.458000000000000407e-01 6.262595796872004712e+02 7.215534967757819231e+02 8.242432506965628818e+02 1.172023244378673553e+03 1.350484326353589495e+03 1.417686294403527882e+03 1.497247657585616707e+03 1.329098445317502637e+03 1.324931484452788482e+03 1.385682557298317306e+03 1.647165706204722255e+03 1.713110604083900171e+03 1.879434687371647669e+03
8.154000000000000137e-01 6.296937831554192826e+02 7.249738150260642442e+02 8.290768359503508691e+02 1.178560046148634228e+03 1.356625271961369663e+03 1.424883718959453063e+03 1.505501561089686902e+03 1.336072758903453632e+03 1.332803417012614318e+03 1.394861850212135550e+03 1.656080232494756729e+03 1.720918285648022447e+03 1.888045378931078403e+03
1.030000000000000027e+00 6.331798215594512840e+02 7.284024728923719749e+02 8.339667084004336175e+02 1.185147944629079348e+03 1.362811596182415542e+03 1.432135267545412034e+03 1.513843425922827237e+03 1.343125853200059055e+03 1.340775996241811526e+03 1.404157730460082803e+03 1.665102369638214213e+03 1.728960094700491936e+03 1.896756384735293750e+03
1.300000000000000044e+00 6.369648565447621422e+02 7.318312851924860070e+02 8.391627930957450872e+02 1.191977887167733797e+03 1.369207265607165482e+03 1.439638630240106295e+03 1.522652105837241379e+03 1.350604031711186508e+03 1.349309001777742651e+03 1.414101785706014425e+03 1.674715386382516044e+03 1.738481219985299731e+03 1.906013178794398755e+03
1.641000000000000014e+00 6.407521040557155629e+02 7.352621017898302398e+02 8.443619151396344478e+02 1.198811822119421095e+03 1.375606673592499419e+03 1.447146378992639711e+03 1.531465934826964940e+03 1.358086581558848593e+03 1.357846995244731488e+03 1.424051653705939088e+03 1.684334022373702965e+03 1.748007910802241668e+03 1.915275383871976601e+03
2.072000000000000064e+00 6.445436919740029680e+02 7.386968503038178824e+02 8.495669956817164348e+02 1.205653589160586989e+03 1.382013415673973668e+03 1.454662732064709417e+03 1.540289864980627954e+03 1.365577706846626825e+03 1.366394773752004539e+03 1.434012924837006722e+03 1.693963681884762309e+03 1.757545519764504206e+03 1.924548203978735955e+03
2.617000000000000437e+00 6.483392426933976367e+02 7.422561588446376390e+02 8.548984919431054550e+02 1.212502309656482566e+03 1.388668748636530154e+03 1.462307833040608784e+03 1.549364857078108344e+03 1.373197702157874573e+03 1.375193484906577396e+03 1.444226594013479598e+03 1.703724239507123002e+03 1.767213983739228979e+03 1.933830544382333073e+03
3.304000000000000270e+00 6.521279436787535815e+02 7.458331225584282720e+02 8.602444462339417441e+02 1.219338631176716262e+03 1.395360218961281589e+03 1.469963200130719997e+03 1.558471608837917074e+03 1.380828038446477649e+03 1.384024486033613357e+03 1.454469997250513643e+03 1.713491233883135237e+03 1.776889061237650367e+03 1.943096099095815589e+03
4.171000000000000263e+00 6.559152912204009453e+02 7.494088084677543975e+02 8.655884907809820561e+02 1.226172510546886542e+03 1.402049298881393725e+03 1.477615832481809775e+03 1.567575107378239181e+03 1.388455648937852857e+03 1.392852332448002016e+03 1.464709741220236992e+03 1.723254739180135857e+03 1.786560682492673322e+03 1.952358343860378682e+03
5.266000000000000014e+00 6.597830710819015394e+02 7.529864289335167769e+02 8.710922360694560211e+02 1.233166957984030660e+03 1.408742024144401512e+03 1.485429438072294261e+03 1.576683566126951519e+03 1.396165732224350450e+03 1.401763325648299315e+03 1.475190216758422821e+03 1.733180372363348624e+03 1.796394356150297426e+03 1.961704025412982219e+03
6.649000000000000021e+00 6.637191466404501625e+02 7.565657065307988205e+02 8.767315754324832824e+02 1.240297741971700134e+03 1.415437871787780750e+03 1.493379727572414822e+03 1.585796273497342554e+03 1.403945859354976619e+03 1.410744939840707502e+03 1.485875094755309874e+03 1.743243678424173595e+03 1.806365638224651548e+03 1.971120575949680642e+03
8.395999999999999019e+00 6.676568008494352853e+02 7.601464196767784642e+02 8.823731765776880138e+02 1.247431385918506066e+03 1.422136404949425469e+03 1.501333205712541030e+03 1.594912635721217612e+03 1.411729106878214679e+03 1.419730156308772621e+03 1.496564258159594146e+03 1.753311020597179322e+03 1.816340919502924862e+03 1.980540903202906975e+03
1.060000000000000142e+01 6.716442448319899086e+02 7.638002079970690374e+02 8.880764465941493881e+02 1.254651982621317757e+03 1.428931997456595809e+03 1.509435673634942532e+03 1.604262755080637817e+03 1.419727626532897375e+03 1.428903227172560719e+03 1.507466386956367160e+03 1.763552134451324719e+03 1.826423882732872698e+03 1.990158513513854814e+03
1.338000000000000256e+01 6.757873096593345963e+02 7.676788262501818281e+02 8.939737079460880977e+02 1.262144772553311668e+03 1.436029367011255545e+03 1.517997597966554622e+03 1.614328276433330984e+03 1.428383981391511497e+03 1.438653911604202676e+03 1.519024157227449678e+03 1.774330412070430384e+03 1.836845782218772001e+03 2.000382702811087029e+03
1.690000000000000213e+01 6.799418571998253356e+02 7.715681942894215126e+02 8.998873138553229865e+02 1.269658329130539869e+03 1.443146407283628832e+03 1.526583252103317591e+03 1.624421694886160140e+03 1.437064327774244475e+03 1.448431620549573836e+03 1.530613960441814925e+03 1.785138562229615900e+03 1.847296566524779109e+03 2.010635228964666567e+03
2.134000000000000341e+01 6.840913716064906112e+02 7.754528504533853948e+02 9.057937555740792277e+02 1.277162783215766012e+03 1.450254825433909673e+03 1.535158504927824424e+03 1.634502885406745008e+03 1.445734158127356977e+03 1.458197484037130380e+03 1.542189722890002940e+03 1.795933618576387744e+03 1.857734689958457693e+03 2.020875334430872499e+03
2.693999999999999773e+01 6.883743632591629193e+02 7.793322500463991673e+02 9.118312375588136547e+02 1.284796004563038878e+03 1.457492597808847222e+03 1.543722145531720116e+03 1.644709381977145540e+03 1.454670560361591015e+03 1.468228342681884669e+03 1.554027988856660841e+03 1.806992073168623392e+03 1.868436669095001662e+03 2.031240581970796939e+03
3.401000000000000512e+01 6.926633480414870974e+02 7.832118223789278773e+02 9.178747883109415397e+02 1.292435361116575677e+03 1.464736489911846093e+03 1.552286167097110592e+03 1.654922129400076983e+03 1.463618970319160326e+03 1.478271253878061998e+03 1.565878386078773474e+03 1.818062617548019489e+03 1.879150721080734229e+03 2.041612089562122947e+03
4.293999999999999773e+01 6.969542977670909067e+02 7.870931720876822055e+02 9.239211078382085134e+02 1.300078217543179107e+03 1.471983700710954054e+03 1.560854112158964654e+03 1.665139555662042767e+03 1.472571479875796513e+03 1.488318766104988299e+03 1.577734212408138092e+03 1.829138233755106285e+03 1.889869681571746696e+03 2.051988348726415552e+03
5.422000000000000597e+01 7.013443078508186090e+02 7.910733643356477387e+02 9.300675505634592355e+02 1.307725631127664201e+03 1.479428334779807301e+03 1.569620219796920310e+03 1.675459600454890960e+03 1.481529138322225208e+03 1.498565246199019612e+03 1.589790091439350135e+03 1.840413530880952067e+03 1.900691564262172506e+03 2.062563855301551939e+03
6.846000000000000796e+01 7.057822435572663835e+02 7.951015395849574361e+02 9.362617378757988718e+02 1.315372221169145860e+03 1.486969013240900949e+03 1.578482205345401781e+03 1.685826944522708118e+03 1.490485737254143032e+03 1.508907406205471034e+03 1.601941458841887425e+03 1.851784447294993242e+03 1.911560694503101786e+03 2.073235048246119277e+03
8.643999999999999773e+01 7.102202003782805377e+02 7.991297339992977413e+02 9.424559546585020371e+02 1.323018847591152735e+03 1.494509727578619504e+03 1.587344233056950543e+03 1.696194337915704637e+03 1.499442378799274138e+03 1.519249615417282257e+03 1.614092884057532046e+03 1.863155417808955008e+03 1.922429876456581042e+03 2.083906291961501211e+03
1.091000000000000085e+02 7.148237507357988534e+02 8.032846376385739404e+02 9.489066205761937454e+02 1.330880008151463016e+03 1.502176618935248598e+03 1.596458367813864697e+03 1.706924879586782936e+03 1.508769613147736436e+03 1.529940398974932123e+03 1.626816917688772492e+03 1.874799372424800595e+03 1.933646791237235220e+03 2.094747588780814112e+03
1.378000000000000114e+02 7.197318840720719209e+02 8.076763286046724488e+02 9.558249849523867852e+02 1.339146947713485133e+03 1.510100098831401738e+03 1.606048619084068378e+03 1.718327115714953607e+03 1.518772747134783003e+03 1.541278223537613030e+03 1.640575350265474071e+03 1.886969329803135906e+03 1.945512437037543577e+03 2.105937694116837065e+03
1.740000000000000000e+02 7.246339956876070119e+02 8.120626314660162279e+02 9.627348612832511208e+02 1.347403744681981379e+03 1.518013857519930752e+03 1.615627104207959292e+03 1.729715362597712556e+03 1.528763608415436011e+03 1.552602137880538976e+03 1.654316902812010539e+03 1.899124356029502678e+03 1.957363525041539106e+03 2.117114070467775946e+03
2.197000000000000171e+02 7.295350431839672183e+02 8.164479759628061402e+02 9.696432294905108620e+02 1.355658730675991137e+03 1.525938168774877340e+03 1.625215778742505336e+03 1.741125683028674302e+03 1.538764604490509100e+03 1.563948161612753665e+03 1.668080035090411911e+03 1.911301294548896976e+03 1.969236590889929403e+03 2.128251147108986061e+03
2.774000000000000341e+02 7.344344312406783502e+02 8.208317685331826397e+02 9.765491703633906582e+02 1.363910720330409504e+03 1.533992294604137214e+03 1.634933685014480034e+03 1.752797186839954975e+03 1.548895069547399771e+03 1.575555626717185987e+03 1.682103737943622264e+03 1.923739212948533350e+03 1.981370734910681904e+03 2.138986287071337301e+03
3.502000000000000455e+02 7.393305918749372267e+02 8.252126733244317620e+02 9.834505620173949865e+02 1.372157274069897994e+03 1.542041114859265690e+03 1.644645189713742411e+03 1.764461002165854552e+03 1.559018861262640939e+03 1.587155445521089405e+03 1.696118202824064156e+03 1.936168937994910948e+03 1.993496885686482983e+03 2.149714355368546421e+03
4.421000000000000227e+02 7.442264955409103777e+02 8.295933481898923674e+02 9.903515914613095674e+02 1.380403395000306546e+03 1.550089512683085559e+03 1.654356184717980341e+03 1.776124205332380143e+03 1.569142121644538292e+03 1.598754655524388454e+03 1.710131932174509302e+03 1.948598010684191649e+03 2.005622400037867237e+03 2.160441860617781913e+03
5.583000000000000682e+02 7.492450221751639674e+02 8.339811077741937879e+02 9.974932799379100743e+02 1.388777656978129016e+03 1.558265716048067361e+03 1.664312424950881450e+03 1.787921105297201620e+03 1.579511038812747074e+03 1.610602057092815812e+03 1.724627278132727270e+03 1.961391483492646557e+03 2.017882319871800746e+03 2.171645724558411530e+03
7.049000000000000909e+02 7.542897838438885856e+02 8.383653300478174515e+02 1.004689795958039326e+03 1.397175475042418839e+03 1.566465631015862982e+03 1.674321234717516063e+03 1.799738809862675225e+03 1.589932125457927441e+03 1.622500475229104040e+03 1.739232096734675679e+03 1.974265533646209178e+03 2.030162660735880991e+03 2.182961729650051439e+03
8.900000000000000000e+02 7.593346757100413242e+02 8.427496654713781936e+02 1.011886497709019295e+03 1.405573509841291070e+03 1.574665757610670880e+03 1.684330302795915486e+03 1.811556819424666173e+03 1.600353481055095926e+03 1.634399200445000815e+03 1.753837292264206781e+03 1.987139916058920562e+03 2.042443318536399829e+03 2.194278026790128933e+03
1.124000000000000000e+03 7.645908377945305574e+02 8.473445072730110041e+02 1.019502391877560285e+03 1.414292912047594427e+03 1.583206613379899409e+03 1.694715702496418771e+03 1.823978270933022941e+03 1.610886153226135320e+03 1.646908386587847190e+03 1.769341149619432827e+03 2.000519741765916024e+03 2.055202175556072234e+03 2.205998722975755754e+03
1.419000000000000000e+03 7.700433360347543612e+02 8.521367090714867345e+02 1.027515439978823906e+03 1.423309010597625274e+03 1.592063940712565909e+03 1.705448071676086329e+03 1.836967503622417098e+03 1.621501319438684959e+03 1.659992111266609299e+03 1.785698644340104238e+03 2.014367109770128991e+03 2.068403103201952035e+03 2.218090752694625735e+03
1.791000000000000000e+03 7.754902913966207052e+02 8.569240392330607392e+02 1.035520342208426200e+03 1.432315943599072853e+03 1.600912263899643676e+03 1.716169530587794497e+03 1.849943531770776644e+03 1.632105694528988124e+03 1.673062535346056620e+03 1.802039510425703156e+03 2.028200400873618719e+03 2.081590611102804814e+03 2.230170489947386159e+03
2.262000000000000000e+03 7.809825664165431363e+02 8.617548764840075819e+02 1.043577549259429588e+03 1.441408316669186661e+03 1.609815181394014417e+03 1.726981125245622025e+03 1.863046249291334107e+03 1.642799935206755890e+03 1.686259972261924759e+03 1.818546736029685690e+03 2.042162729188032927e+03 2.089524505672583928e+03 2.242344078136518419e+03
2.856000000000000000e+03 7.865808595923399480e+02 8.666927360429772307e+02 1.051736715682801787e+03 1.450715545638389131e+03 1.618818668370394562e+03 1.738004906909391593e+03 1.876472055309129928e+03 1.653706735359802906e+03 1.699780595293729903e+03 1.835486508656349770e+03 2.056446811553112184e+03 2.077516031643730912e+03 2.254727720870850135e+03
3.605000000000000000e+03 7.921725996798480764e+02 8.716248155849610839e+02 1.059886331384863297e+03 1.460011880020394301e+03 1.627811616305104053e+03 1.749015784673302505e+03 1.889882145734794221e+03 1.664600768545828487e+03 1.713285391745242578e+03 1.852406452413369152e+03 2.070714173669729462e+03 2.065521614147476612e+03 2.267096867918437511e+03
4.552000000000000000e+03 7.977726277449543204e+02 8.765642053674274621e+02 1.068048026302216840e+03 1.469321993263701415e+03 1.636817893427125455e+03 1.760042982564189060e+03 1.903312112357724345e+03 1.675510948673877010e+03 1.726810204765606613e+03 1.869351474609769866e+03 2.085002682616449420e+03 2.053509418739167359e+03 2.279484348295550262e+03
5.748000000000000000e+03 8.035077984384239471e+02 8.816384923609003863e+02 1.076478825198248387e+03 1.478636011936497198e+03 1.645960820378821836e+03 1.771340501383881701e+03 1.917013471246541712e+03 1.686691232773526508e+03 1.740739092269633147e+03 1.886834877861815357e+03 2.099562929050723596e+03 2.064737825852592778e+03 2.292142712755250614e+03
7.257000000000000000e+03 8.092510553800345861e+02 8.867213372345695461e+02 1.084927960913268180e+03 1.487943424667676481e+03 1.655109423807097755e+03 1.782654325175213899e+03 1.930729435994462619e+03 1.697887889628913626e+03 1.754694564332730351e+03 1.904354505714481320e+03 2.114137170814804449e+03 2.078085822282049776e+03 2.304816416327780644e+03
9.163000000000000000e+03 8.149965928167003995e+02 8.918062003711721673e+02 1.093380451556060734e+03 1.497254533125675152e+03 1.664261659903230111e+03 1.793972641385999623e+03 1.944450846988321473e+03 1.709088992379870433e+03 1.768655577743769527e+03 1.921881090146853467e+03 2.128717199623868964e+03 2.091439118846981273e+03 2.317495152291969589e+03
1.157000000000000000e+04 8.211319861790464074e+02 8.971152157867772985e+02 1.102413372995446480e+03 1.507137570508019280e+03 1.674060702645340825e+03 1.805995755630139001e+03 1.959010010934281809e+03 1.721277101063755026e+03 1.783677492682024422e+03 1.940891128863428094e+03 2.143986911438912557e+03 2.105745182439621203e+03 2.330688932198634575e+03
1.461000000000000000e+04 8.275018791581446749e+02 9.025592727645080231e+02 1.111795413292120429e+03 1.517364730617387295e+03 1.684248756202463255e+03 1.818442919675443136e+03 1.974073250606341844e+03 1.734058496658379227e+03 1.799337342974496096e+03 1.960792951182362231e+03 2.159671998404820897e+03 2.120624256145080835e+03 2.344193121780851470e+03
1.844000000000000000e+04 8.338588108890833155e+02 9.079922523546414368e+02 1.121158363322611194e+03 1.527571080838648868e+03 1.694416079444202069e+03 1.830864756641845815e+03 1.989105840095091253e+03 1.746813885090768736e+03 1.814965329120042952e+03 1.980654277929589171e+03 2.175325169873052801e+03 2.135473054402064463e+03 2.357669833483465482e+03
2.329000000000000000e+04 8.402823240875648025e+02 9.134891537233750114e+02 1.130644915853852126e+03 1.537854854760023272e+03 1.704709281465348568e+03 1.843370295052025085e+03 2.004326588796512624e+03 1.759751191106810893e+03 1.830734720722131215e+03 2.000766092368988211e+03 2.191168297649725446e+03 2.150655149449752116e+03 2.371281768671561167e+03
2.940000000000000000e+04 8.467862018440108614e+02 9.190686515049246736e+02 1.140300461324527532e+03 1.548209221533899608e+03 1.715169455725246962e+03 1.855940876921177278e+03 2.019798263364490140e+03 1.772945545248039025e+03 1.846657512633500119e+03 2.021213178257280106e+03 2.207260873434184305e+03 2.166377399033133770e+03 2.385052321874722111e+03
3.712000000000000000e+04 8.532954018154952109e+02 9.246527150683217542e+02 1.149963908064450607e+03 1.558572061432366809e+03 1.725638189693496770e+03 1.868521745475037960e+03 2.035282598622311298e+03 1.786150696515637037e+03 1.862593334390406653e+03 2.041676996284778170e+03 2.223366618000722610e+03 2.182112514355433177e+03 2.398834143716084327e+03
4.687000000000000000e+04 8.598183593067059292e+02 9.302442916581746886e+02 1.159641971566438315e+03 1.568943711116068016e+03 1.736115761001475903e+03 1.881130018179272383e+03 2.050795129057702979e+03 1.799371409806612746e+03 1.878563460730067845e+03 2.062188343128681026e+03 2.239494724555700031e+03 2.197869895225438086e+03 2.412625703471257566e+03
5.918000000000000000e+04 8.666204207202069938e+02 9.359759113189772961e+02 1.169599813340342507e+03 1.579456309235680465e+03 1.746734273447370924e+03 1.894296597476720763e+03 2.066866589124271286e+03 1.812872206041882919e+03 1.895231335815613193e+03 2.083676267611754611e+03 2.256042799090540029e+03 2.214047269618288738e+03 2.426558867766979802e+03
7.472000000000000000e+04 8.734212661909720055e+02 9.417065063901932263e+02 1.179555875041319496e+03 1.589967028113612741e+03 1.757350887718243712e+03 1.907460823104379870e+03 2.082935176241899626e+03 1.826370588862437671e+03 1.911896231336523670e+03 2.105160350893742816e+03 2.272587915476401122e+03 2.230221752128858043e+03 2.440489541357475446e+03
9.434000000000000000e+04 8.802219173174421485e+02 9.474369377011145161e+02 1.189511652232995402e+03 1.600477446632088459e+03 1.767967198603541419e+03 1.920624672544672649e+03 2.099003304175703761e+03 1.839868585946585881e+03 1.928560650633208070e+03 2.126643820236032752e+03 2.289132559060903532e+03 2.246395772429483713e+03 2.454419816858211107e+03
1.191000000000000000e+05 8.873773071539492321e+02 9.536208092535853211e+02 1.200345553998110745e+03 1.611826092959447351e+03 1.781099175383884813e+03 1.934527502343318247e+03 2.116333889117208855e+03 1.854214026855286647e+03 1.946844490805808391e+03 2.150518031864599379e+03 2.306722084901437483e+03 2.259833639360726465e+03 2.468165455522093453e+03
1.504000000000000000e+05 8.946605474792772839e+02 9.599641654552430055e+02 1.211486793100475325e+03 1.623469451838802343e+03 1.795087811876558817e+03 1.948695332617274289e+03 2.134108658279706106e+03 1.868861239004869958e+03 1.965692862070531646e+03 2.175221512063639238e+03 2.324683558522119711e+03 2.272376619549615043e+03 2.481867776430070990e+03
1.899000000000000000e+05 9.019395512086263125e+02 9.663038317831387758e+02 1.222621551443359749e+03 1.635106037880078475e+03 1.809068311304070448e+03 1.962854921590642789e+03 2.151873088017414375e+03 1.883499931001701498e+03 1.984530269405692707e+03 2.199910622468438305e+03 2.342634584113693563e+03 2.284912303598728613e+03 2.495562126820110279e+03
2.397000000000000000e+05 9.094071211270256754e+02 9.726340839304552901e+02 1.233872668411777568e+03 1.644799147359595281e+03 1.823161359885548336e+03 1.977259240879246136e+03 2.169876837360209265e+03 1.898648578019690149e+03 2.003605618661832068e+03 2.225028300690250944e+03 2.360691923279936418e+03 2.297760693195939439e+03 2.509368851309358888e+03
3.027000000000000000e+05 9.171236512341245088e+02 9.789757283463234216e+02 1.245301019855885670e+03 1.652234293159738399e+03 1.837437249275079694e+03 1.992003420357062623e+03 2.188226856523283914e+03 1.914452574015015898e+03 2.023029420994267866e+03 2.250740756612679434e+03 2.378938836572791843e+03 2.311023593074969995e+03 2.523357192573067550e+03
3.822000000000000000e+05 9.248351464615687973e+02 9.853132349676124022e+02 1.256721914532071423e+03 1.659664587677789768e+03 1.851703823935834862e+03 2.006737979556302662e+03 2.206564902670396350e+03 1.930246258222945926e+03 2.042440549688964666e+03 2.276436435678230737e+03 2.397173844124176867e+03 2.324277839180369483e+03 2.537336406727330086e+03
4.826000000000000000e+05 9.325725419452448932e+02 9.917246795414135931e+02 1.268217895968527273e+03 1.666758054477032601e+03 1.866021846192813655e+03 2.021548381710223566e+03 2.225003791730526700e+03 1.946140144855439758e+03 2.062001038703151607e+03 2.302331236076981440e+03 2.415461293522820597e+03 2.337632005936487531e+03 2.551367171403098382e+03
6.093000000000000000e+05 9.404283541529899821e+02 9.984965507678153926e+02 1.280072787634588394e+03 1.672157757279838734e+03 1.880576589260277842e+03 2.036716742229546981e+03 2.243920421662743138e+03 1.962512204150092430e+03 2.082280182199015599e+03 2.329184379016597632e+03 2.433984766700728414e+03 2.351466562642533518e+03 2.565635581455287593e+03
7.693000000000000000e+05 9.482857720512325841e+02 1.005269806132354802e+03 1.291930102383889107e+03 1.677558563756110289e+03 1.895134307247714105e+03 2.051888203089319177e+03 2.262840918063775916e+03 1.978887609815475116e+03 2.102563470654960838e+03 2.356043010610384954e+03 2.452512025988089590e+03 2.365303947065899138e+03 2.579906907902347939e+03
9.713000000000000000e+05 9.561426547119607449e+02 1.012042600111180263e+03 1.303786609427687154e+03 1.682959002336175445e+03 1.909691033581545071e+03 2.067058630488086237e+03 2.281760125624175089e+03 1.995261900008632892e+03 2.122845377438576179e+03 2.382899812627662868e+03 2.471038023221638923e+03 2.379140388903883832e+03 2.594177262204437284e+03
1.226000000000000000e+06 9.647993517485106167e+02 1.019131722338617806e+03 1.316842799995028145e+03 1.691961050316998353e+03 1.926464349585751961e+03 2.083541805808256868e+03 2.302380116266131154e+03 2.013037876655543869e+03 2.145496282124150184e+03 2.413677141782598483e+03 2.490641610616173239e+03 2.398524058481534666e+03 2.609863903577573183e+03
1.548000000000000000e+06 9.735841298088075746e+02 1.026277322765198733e+03 1.330091219663059292e+03 1.701492236537920007e+03 1.943581162626881451e+03 2.100238815698465714e+03 2.323275980696438637e+03 2.031042454798518975e+03 2.168521805809704347e+03 2.445063784220233629e+03 2.510430373733658598e+03 2.418731476535990168e+03 2.625777914979040816e+03
1.955000000000000000e+06 9.823771755841303275e+02 1.033429648209487368e+03 1.343352107962352648e+03 1.711032392949208543e+03 1.960714085002976844e+03 2.116951539829672583e+03 2.344191511082008674e+03 2.049063977788617649e+03 2.191568999760215775e+03 2.476479965914695640e+03 2.530237760867941688e+03 2.438957912620580828e+03 2.641706903709506150e+03
2.468000000000000000e+06 9.912377126912929270e+02 1.040652553256077908e+03 1.356756253272438698e+03 1.723345113666960515e+03 1.978321948437516539e+03 2.134139126844783277e+03 2.365658133854616153e+03 2.067304119542131957e+03 2.215163392892702177e+03 2.508680701901740576e+03 2.550260370251744916e+03 2.459652086205040632e+03 2.658957572485196579e+03
3.117000000000000000e+06 1.000174321483998028e+03 1.047948557520623353e+03 1.370304801346632303e+03 1.737672044510445858e+03 1.996323801629887157e+03 2.151719320414728827e+03 2.387585189020444886e+03 2.085757630913278263e+03 2.239222165585710172e+03 2.541542105983352485e+03 2.570499559597485131e+03 2.480744865941859643e+03 2.677204363504998582e+03
3.935000000000000000e+06 1.009094737949529645e+03 1.055231342085073493e+03 1.383828800676639730e+03 1.751973016250540695e+03 2.014293037091820906e+03 2.169267660263350990e+03 2.409472514344738101e+03 2.104177706190202571e+03 2.263237345957752041e+03 2.574343968171767756e+03 2.590702077361956071e+03 2.501799427468794420e+03 2.695418092989165871e+03
4.968000000000000000e+06 1.018144958653038884e+03 1.062601183305706400e+03 1.397399922424941224e+03 1.766532418492535498e+03 2.032563843380125491e+03 2.186991173883063766e+03 2.431578845203714991e+03 2.122773245951832905e+03 2.287556595076043777e+03 2.607621903179549008e+03 2.610954083817013270e+03 2.523072735776674563e+03 2.712119601331867671e+03
6.273000000000000000e+06 1.027510239157961223e+03 1.070182153016459097e+03 1.411084036972569947e+03 1.781719546033311417e+03 2.051566990257976613e+03 2.205139127340418327e+03 2.454215825690065230e+03 2.141793816695716487e+03 2.312613458232008270e+03 2.642055346857864606e+03 2.631323950754008365e+03 2.544876175197608973e+03 2.725134243951766166e+03
7.920000000000000000e+06 1.036871469475736603e+03 1.077759844197960092e+03 1.424762233574139145e+03 1.796900105622520414e+03 2.070561918876780510e+03 2.223279232382789360e+03 2.476843016399445332e+03 2.160806161645282373e+03 2.337659485088403017e+03 2.676473899162563612e+03 2.651685008368825038e+03 2.566670185321677764e+03 2.738143258151006194e+03
1.000000000000000000e+07 1.046235004217246569e+03 1.085339400755146016e+03 1.438443797293045463e+03 1.812084402160894797e+03 2.089561523415614374e+03 2.241423802916040586e+03 2.499475777171044683e+03 2.179823186802200325e+03 2.362711677444074667e+03 2.710900924170760391e+03 2.672051078199220683e+03 2.588469560406601431e+03 2.751155474737120130e+03
