1.000000000000000000e+08 2.999000000000000000e+03 2.999000000000000000e+03 2.499000000000000000e+03 2.999000000000000000e+03 1.220000000000000000e+03 3.045000000000000000e+03 2.159000000000000000e+03 1.715000000000000000e+03 2.836000000000000000e+03 2.674000000000000000e+03 2.929000000000000000e+03 2.474000000000000000e+03 1.266000000000000000e+03
4.642000000000000000e+07 2.999000000000000000e+03 2.999000000000000000e+03 2.392000000000000000e+03 2.999000000000000000e+03 1.176000000000000000e+03 2.939000000000000000e+03 2.065000000000000000e+03 1.660000000000000000e+03 2.712000000000000000e+03 2.583000000000000000e+03 2.967000000000000000e+03 2.395000000000000000e+03 1.231000000000000000e+03
2.154000000000000000e+07 2.999000000000000000e+03 2.964000000000000000e+03 2.285000000000000000e+03 2.999000000000000000e+03 1.136000000000000000e+03 2.837000000000000000e+03 1.983000000000000000e+03 1.607000000000000000e+03 2.598000000000000000e+03 2.502000000000000000e+03 2.866000000000000000e+03 2.316000000000000000e+03 1.199000000000000000e+03
1.000000000000000000e+07 2.999000000000000000e+03 2.888000000000000000e+03 2.191000000000000000e+03 2.896000000000000000e+03 1.098000000000000000e+03 2.740000000000000000e+03 1.913000000000000000e+03 1.554000000000000000e+03 2.495000000000000000e+03 2.426000000000000000e+03 2.772000000000000000e+03 2.241000000000000000e+03 1.169000000000000000e+03
4.642000000000000000e+06 2.956000000000000000e+03 2.814000000000000000e+03 2.133000000000000000e+03 2.763000000000000000e+03 1.063000000000000000e+03 2.650000000000000000e+03 1.851000000000000000e+03 1.502000000000000000e+03 2.400000000000000000e+03 2.356000000000000000e+03 2.683000000000000000e+03 2.169000000000000000e+03 1.139000000000000000e+03
2.154000000000000000e+06 2.877000000000000000e+03 2.741000000000000000e+03 2.082000000000000000e+03 2.641000000000000000e+03 1.031000000000000000e+03 2.565000000000000000e+03 1.795000000000000000e+03 1.451000000000000000e+03 2.312000000000000000e+03 2.290000000000000000e+03 2.599000000000000000e+03 2.101000000000000000e+03 1.111000000000000000e+03
1.000000000000000000e+06 2.814000000000000000e+03 2.671000000000000000e+03 2.037000000000000000e+03 2.529000000000000000e+03 1.000000000000000000e+03 2.487000000000000000e+03 1.772000000000000000e+03 1.402000000000000000e+03 2.231000000000000000e+03 2.230000000000000000e+03 2.521000000000000000e+03 2.036000000000000000e+03 1.084000000000000000e+03
4.642000000000000000e+05 2.755000000000000000e+03 2.602000000000000000e+03 1.991000000000000000e+03 2.427000000000000000e+03 9.710000000000000000e+02 2.412000000000000000e+03 1.772000000000000000e+03 1.356000000000000000e+03 2.155000000000000000e+03 2.171000000000000000e+03 2.446000000000000000e+03 1.976000000000000000e+03 1.057000000000000000e+03
2.154000000000000000e+05 2.698000000000000000e+03 2.535000000000000000e+03 1.947000000000000000e+03 2.333000000000000000e+03 9.430000000000000000e+02 2.341000000000000000e+03 1.758000000000000000e+03 1.313000000000000000e+03 2.085000000000000000e+03 2.115000000000000000e+03 2.375000000000000000e+03 1.920000000000000000e+03 1.033000000000000000e+03
1.000000000000000000e+05 2.643000000000000000e+03 2.470000000000000000e+03 1.905000000000000000e+03 2.246000000000000000e+03 9.180000000000000000e+02 2.274000000000000000e+03 1.715000000000000000e+03 1.272000000000000000e+03 2.019000000000000000e+03 2.063000000000000000e+03 2.309000000000000000e+03 1.872000000000000000e+03 1.009000000000000000e+03
4.642000000000000000e+04 2.590000000000000000e+03 2.407000000000000000e+03 1.865000000000000000e+03 2.165000000000000000e+03 8.930000000000000000e+02 2.211000000000000000e+03 1.675000000000000000e+03 1.234000000000000000e+03 1.957000000000000000e+03 2.012000000000000000e+03 2.246000000000000000e+03 1.826000000000000000e+03 9.870000000000000000e+02
2.154000000000000000e+04 2.538000000000000000e+03 2.347000000000000000e+03 1.826000000000000000e+03 2.091000000000000000e+03 8.700000000000000000e+02 2.152000000000000000e+03 1.636000000000000000e+03 1.198000000000000000e+03 1.900000000000000000e+03 1.965000000000000000e+03 2.186000000000000000e+03 1.782000000000000000e+03 9.660000000000000000e+02
1.000000000000000000e+04 2.488000000000000000e+03 2.290000000000000000e+03 1.789000000000000000e+03 2.021000000000000000e+03 8.480000000000000000e+02 2.096000000000000000e+03 1.598000000000000000e+03 1.164000000000000000e+03 1.845000000000000000e+03 1.919000000000000000e+03 2.132000000000000000e+03 1.741000000000000000e+03 9.460000000000000000e+02
4.642000000000000000e+03 2.440000000000000000e+03 2.234000000000000000e+03 1.754000000000000000e+03 1.956000000000000000e+03 8.270000000000000000e+02 2.043000000000000000e+03 1.563000000000000000e+03 1.132000000000000000e+03 1.794000000000000000e+03 1.876000000000000000e+03 2.083000000000000000e+03 1.701000000000000000e+03 9.270000000000000000e+02
2.154000000000000000e+03 2.394000000000000000e+03 2.180000000000000000e+03 1.720000000000000000e+03 1.895000000000000000e+03 8.070000000000000000e+02 1.992000000000000000e+03 1.528000000000000000e+03 1.102000000000000000e+03 1.746000000000000000e+03 1.835000000000000000e+03 2.209000000000000000e+03 1.663000000000000000e+03 9.090000000000000000e+02
1.000000000000000000e+03 2.350000000000000000e+03 2.129000000000000000e+03 1.687000000000000000e+03 1.838000000000000000e+03 7.880000000000000000e+02 1.944000000000000000e+03 1.495000000000000000e+03 1.073000000000000000e+03 1.701000000000000000e+03 1.796000000000000000e+03 2.161000000000000000e+03 1.627000000000000000e+03 8.920000000000000000e+02
4.641999999999999886e+02 2.307000000000000000e+03 2.080000000000000000e+03 1.656000000000000000e+03 1.784000000000000000e+03 7.700000000000000000e+02 1.899000000000000000e+03 1.463000000000000000e+03 1.046000000000000000e+03 1.658000000000000000e+03 1.758000000000000000e+03 2.115000000000000000e+03 1.592000000000000000e+03 8.760000000000000000e+02
2.154000000000000057e+02 2.268000000000000000e+03 2.034000000000000000e+03 1.626000000000000000e+03 1.734000000000000000e+03 7.530000000000000000e+02 1.855000000000000000e+03 1.432000000000000000e+03 1.021000000000000000e+03 1.617000000000000000e+03 1.722000000000000000e+03 2.070000000000000000e+03 1.559000000000000000e+03 8.600000000000000000e+02
1.000000000000000000e+02 2.226000000000000000e+03 1.990000000000000000e+03 1.597000000000000000e+03 1.686000000000000000e+03 7.360000000000000000e+02 1.813000000000000000e+03 1.401000000000000000e+03 9.960000000000000000e+02 1.578000000000000000e+03 1.687000000000000000e+03 2.027000000000000000e+03 1.527000000000000000e+03 8.440000000000000000e+02
4.642000000000000171e+01 2.186000000000000000e+03 1.947000000000000000e+03 1.568000000000000000e+03 1.642000000000000000e+03 7.200000000000000000e+02 1.774000000000000000e+03 1.372000000000000000e+03 9.730000000000000000e+02 1.541000000000000000e+03 1.654000000000000000e+03 1.986000000000000000e+03 1.497000000000000000e+03 8.290000000000000000e+02
2.153999999999999915e+01 2.148000000000000000e+03 1.906000000000000000e+03 1.541000000000000000e+03 1.600000000000000000e+03 7.050000000000000000e+02 1.736000000000000000e+03 1.343000000000000000e+03 9.510000000000000000e+02 1.506000000000000000e+03 1.623000000000000000e+03 1.946000000000000000e+03 1.467000000000000000e+03 8.150000000000000000e+02
1.000000000000000000e+01 2.111000000000000000e+03 1.867000000000000000e+03 1.515000000000000000e+03 1.560000000000000000e+03 6.910000000000000000e+02 1.699000000000000000e+03 1.315000000000000000e+03 9.300000000000000000e+02 1.473000000000000000e+03 1.592000000000000000e+03 1.908000000000000000e+03 1.439000000000000000e+03 8.010000000000000000e+02
4.642000000000000348e+00 2.076000000000000000e+03 1.829000000000000000e+03 1.490000000000000000e+03 1.521000000000000000e+03 6.770000000000000000e+02 1.665000000000000000e+03 1.287000000000000000e+03 9.090000000000000000e+02 1.441000000000000000e+03 1.562000000000000000e+03 1.871000000000000000e+03 1.412000000000000000e+03 7.880000000000000000e+02
2.153999999999999915e+00 2.042000000000000000e+03 1.793000000000000000e+03 1.465000000000000000e+03 1.485000000000000000e+03 6.640000000000000000e+02 1.631000000000000000e+03 1.261000000000000000e+03 8.900000000000000000e+02 1.410000000000000000e+03 1.534000000000000000e+03 1.836000000000000000e+03 1.386000000000000000e+03 7.750000000000000000e+02
1.000000000000000000e+00 2.008000000000000000e+03 1.758000000000000000e+03 1.442000000000000000e+03 1.451000000000000000e+03 6.510000000000000000e+02 1.599000000000000000e+03 1.235000000000000000e+03 8.720000000000000000e+02 1.381000000000000000e+03 1.507000000000000000e+03 1.802000000000000000e+03 1.361000000000000000e+03 7.630000000000000000e+02
4.642000000000000015e-01 1.976000000000000000e+03 1.725000000000000000e+03 1.419000000000000000e+03 1.418000000000000000e+03 6.390000000000000000e+02 1.568000000000000000e+03 1.210000000000000000e+03 8.540000000000000000e+02 1.353000000000000000e+03 1.480000000000000000e+03 1.777000000000000000e+03 1.337000000000000000e+03 7.500000000000000000e+02
2.154000000000000081e-01 1.945000000000000000e+03 1.693000000000000000e+03 1.397000000000000000e+03 1.386000000000000000e+03 6.270000000000000000e+02 1.539000000000000000e+03 1.185000000000000000e+03 8.370000000000000000e+02 1.326000000000000000e+03 1.455000000000000000e+03 1.745000000000000000e+03 1.314000000000000000e+03 7.390000000000000000e+02
1.000000000000000056e-01 1.914000000000000000e+03 1.662000000000000000e+03 1.375000000000000000e+03 1.356000000000000000e+03 6.150000000000000000e+02 1.510000000000000000e+03 1.162000000000000000e+03 8.210000000000000000e+02 1.300000000000000000e+03 1.430000000000000000e+03 1.714000000000000000e+03 1.291000000000000000e+03 7.270000000000000000e+02
