1.000000000000000000e+08 2.719000000000000000e+03 2.686000000000000000e+03 2.207000000000000000e+03 2.913000000000000000e+03 1.097000000000000000e+03 2.518000000000000000e+03 1.834000000000000000e+03 1.469000000000000000e+03 2.508000000000000000e+03 2.287000000000000000e+03 2.625000000000000000e+03 2.307000000000000000e+03 1.079000000000000000e+03
1.000000000000000000e+07 2.525000000000000000e+03 2.475000000000000000e+03 1.997000000000000000e+03 2.542000000000000000e+03 9.990000000000000000e+02 2.280000000000000000e+03 1.720000000000000000e+03 1.333000000000000000e+03 2.242000000000000000e+03 2.073000000000000000e+03 2.421000000000000000e+03 2.124000000000000000e+03 1.009000000000000000e+03
1.000000000000000000e+06 2.397000000000000000e+03 2.293000000000000000e+03 1.797000000000000000e+03 2.256000000000000000e+03 9.180000000000000000e+02 2.099000000000000000e+03 1.603000000000000000e+03 1.217000000000000000e+03 2.029000000000000000e+03 1.922000000000000000e+03 2.253000000000000000e+03 1.962000000000000000e+03 9.480000000000000000e+02
1.000000000000000000e+05 2.289000000000000000e+03 2.132000000000000000e+03 1.648000000000000000e+03 2.028000000000000000e+03 8.490000000000000000e+02 1.947000000000000000e+03 1.501000000000000000e+03 1.119000000000000000e+03 1.854000000000000000e+03 1.797000000000000000e+03 2.197000000000000000e+03 1.817000000000000000e+03 8.940000000000000000e+02
1.000000000000000000e+04 2.171000000000000000e+03 1.992000000000000000e+03 1.557000000000000000e+03 1.844000000000000000e+03 7.890000000000000000e+02 1.816000000000000000e+03 1.412000000000000000e+03 1.035000000000000000e+03 1.709000000000000000e+03 1.688000000000000000e+03 2.064000000000000000e+03 1.688000000000000000e+03 8.460000000000000000e+02
1.000000000000000000e+03 2.063000000000000000e+03 1.870000000000000000e+03 1.480000000000000000e+03 1.691000000000000000e+03 7.380000000000000000e+02 1.702000000000000000e+03 1.332000000000000000e+03 9.630000000000000000e+02 1.585000000000000000e+03 1.592000000000000000e+03 1.946000000000000000e+03 1.586000000000000000e+03 8.020000000000000000e+02
1.000000000000000000e+02 1.967000000000000000e+03 1.761000000000000000e+03 1.410000000000000000e+03 1.563000000000000000e+03 6.920000000000000000e+02 1.602000000000000000e+03 1.261000000000000000e+03 9.010000000000000000e+02 1.478000000000000000e+03 1.507000000000000000e+03 1.840000000000000000e+03 1.485000000000000000e+03 7.630000000000000000e+02
1.000000000000000000e+01 1.875000000000000000e+03 1.664000000000000000e+03 1.347000000000000000e+03 1.454000000000000000e+03 6.520000000000000000e+02 1.513000000000000000e+03 1.196000000000000000e+03 8.470000000000000000e+02 1.384000000000000000e+03 1.430000000000000000e+03 1.747000000000000000e+03 1.398000000000000000e+03 7.280000000000000000e+02
1.000000000000000000e+00 1.793000000000000000e+03 1.578000000000000000e+03 1.289000000000000000e+03 1.359000000000000000e+03 6.160000000000000000e+02 1.434000000000000000e+03 1.138000000000000000e+03 7.980000000000000000e+02 1.302000000000000000e+03 1.362000000000000000e+03 1.660000000000000000e+03 1.325000000000000000e+03 6.960000000000000000e+02
1.000000000000000056e-01 1.718000000000000000e+03 1.500000000000000000e+03 1.236000000000000000e+03 1.276000000000000000e+03 5.840000000000000000e+02 1.363000000000000000e+03 1.083000000000000000e+03 7.560000000000000000e+02 1.230000000000000000e+03 1.300000000000000000e+03 1.581000000000000000e+03 1.259000000000000000e+03 6.670000000000000000e+02
