1.000000000000000056e-01 5.840000000000000000e+02 6.670000000000000000e+02 7.560000000000000000e+02 1.083000000000000000e+03 1.236000000000000000e+03 1.300000000000000000e+03 1.363000000000000000e+03 1.259000000000000000e+03 1.230000000000000000e+03 1.276000000000000000e+03 1.500000000000000000e+03 1.581000000000000000e+03 1.718000000000000000e+03
1.262999999999999956e-01 5.872449072177705602e+02 6.699406971661045418e+02 7.602589407233239172e+02 1.088577184280543179e+03 1.241374377579432576e+03 1.306287007734430517e+03 1.370199637889428459e+03 1.265692621136651724e+03 1.237301041239983761e+03 1.284416478096092533e+03 1.507909461343315797e+03 1.589010864693871099e+03 1.725605251291649893e+03
1.594000000000000139e-01 5.904796261459230209e+02 6.728721611947427164e+02 7.645045093165239223e+02 1.094136857438305242e+03 1.246731880804185039e+03 1.312554275657725839e+03 1.377376670511266639e+03 1.272364228925966245e+03 1.244579158828326854e+03 1.292806530315987857e+03 1.515794088730687236e+03 1.596996577047747451e+03 1.733186623779507045e+03
2.013000000000000067e-01 5.937230007964369634e+02 6.758114694717710336e+02 7.687614385453234718e+02 1.099711407618875910e+03 1.252103720069098699e+03 1.318838314043096489e+03 1.384572908017094505e+03 1.279053689142651137e+03 1.251876751791983224e+03 1.301219033315758224e+03 1.523699814441315084e+03 1.605003658216203803e+03 1.740788283116649154e+03
2.540999999999999925e-01 5.969601492816118480e+02 6.787451352864607088e+02 7.730101959321154936e+02 1.105275256577770278e+03 1.257465247247669595e+03 1.325110289233122785e+03 1.391755331218576202e+03 1.285730307893324380e+03 1.259160335883626658e+03 1.309615387199180759e+03 1.531590363873928709e+03 1.612995368538979164e+03 1.748375349878777797e+03
3.209000000000000186e-01 6.002038309470560762e+02 6.816847217957696330e+02 7.772675281180112279e+02 1.110850334440252709e+03 1.262837595006061747e+03 1.331394922459921190e+03 1.398952249913780861e+03 1.292420401328303342e+03 1.266458619630876228e+03 1.318028686518926861e+03 1.539496837933449342e+03 1.621003207650544937e+03 1.755977728782162785e+03
4.051000000000000156e-01 6.034419917818747763e+02 6.846193050523240800e+02 7.815176142137106581e+02 1.116415923375097464e+03 1.268200798888730105e+03 1.337668859077382422e+03 1.406136919266034738e+03 1.299099108050116911e+03 1.273744481509218303e+03 1.326427666184237751e+03 1.547389854968319924e+03 1.628997417211503489e+03 1.763567168238769227e+03
5.115000000000000657e-01 6.066830604175416966e+02 6.875565235033972158e+02 7.857715167980235265e+02 1.121986510092649951e+03 1.273568818816553403e+03 1.343948429558987073e+03 1.413328040301420742e+03 1.305783812111179714e+03 1.281036885939468903e+03 1.334834187957998893e+03 1.555289959767757864e+03 1.636998805405806252e+03 1.771163422853613383e+03
6.458000000000000407e-01 6.099231373017966007e+02 6.904928431797530948e+02 7.900241177086079460e+02 1.127555392237462911e+03 1.278935196156100574e+03 1.350226078522230864e+03 1.420516960888361155e+03 1.312466470684955539e+03 1.288327058929042323e+03 1.343238137376534951e+03 1.563187647173129108e+03 1.644997745213810276e+03 1.778757353051085829e+03
8.154000000000000137e-01 6.131638626277164121e+02 6.934297505063680092e+02 7.942775696988777554e+02 1.133125388891387502e+03 1.284302647477155233e+03 1.356504983841200556e+03 1.427707320205245878e+03 1.319150466669665093e+03 1.295618690912361899e+03 1.351643768690639490e+03 1.571086915155058705e+03 1.652998285862174953e+03 1.786352803033710416e+03
1.030000000000000027e+00 6.164621400893862528e+02 6.964107911905655328e+02 7.986290240105533940e+02 1.138744559032900042e+03 1.289744559032900042e+03 1.362872931279951672e+03 1.435014140751708510e+03 1.325937117403477487e+03 1.303052652425824135e+03 1.360219536346991390e+03 1.579104001324644742e+03 1.661116838549349950e+03 1.794052652425824135e+03
1.300000000000000044e+00 6.201019606830461726e+02 6.996461872738187822e+02 8.035832242630350493e+02 1.144608714433796422e+03 1.295608714433796422e+03 1.369748147956864841e+03 1.443001524832240193e+03 1.333317864718399051e+03 1.311343354889160537e+03 1.369824618469149527e+03 1.587799128298388041e+03 1.669913071650694746e+03 1.802343354889160537e+03
1.641000000000000014e+00 6.237439089179113125e+02 7.028834745936990203e+02 8.085403204716016035e+02 1.150476297701079375e+03 1.301476297701079375e+03 1.376627383511610333e+03 1.450993577903194364e+03 1.340702926416875698e+03 1.319638903646353583e+03 1.379435315200043760e+03 1.596499337970566103e+03 1.678714446551619176e+03 1.810638903646353583e+03
2.072000000000000064e+00 6.273900310386350156e+02 7.061244720343422614e+02 8.135030978025865807e+02 1.156350605562245391e+03 1.307350605562245391e+03 1.383514503072977277e+03 1.458994790334782465e+03 1.348096451828343334e+03 1.327943959588001917e+03 1.389057026351953482e+03 1.605209518592294899e+03 1.687525908343367973e+03 1.818943959588001917e+03
2.617000000000000437e+00 6.310409340150357593e+02 7.093697191244762053e+02 8.184723824093541680e+02 1.162232615913113023e+03 1.313232615913113023e+03 1.390410653139511851e+03 1.467006494088550653e+03 1.355499671752711265e+03 1.336259905256470347e+03 1.398691353650788642e+03 1.613931120147029787e+03 1.696348923869669761e+03 1.827259905256470347e+03
3.304000000000000270e+00 6.346854413913404187e+02 7.126092812367470515e+02 8.234329618937688338e+02 1.168104322241603995e+03 1.319104322241603995e+03 1.397294722628087356e+03 1.475004163053219145e+03 1.362889922821329264e+03 1.344561283169164199e+03 1.408308803671592841e+03 1.622637443323757680e+03 1.705156483362405879e+03 1.835561283169164199e+03
4.171000000000000263e+00 6.383286468344499553e+02 7.158476860750665764e+02 8.283917693024457094e+02 1.173973931011058312e+03 1.324973931011058312e+03 1.404176332909516532e+03 1.482998974997820596e+03 1.370277533858745755e+03 1.352859695567358131e+03 1.417922818035353885e+03 1.631340656326741509e+03 1.713960896516587354e+03 1.843859695567358131e+03
5.266000000000000014e+00 6.419733107717217990e+02 7.190873873526415991e+02 8.333525618837323918e+02 1.179845889576662785e+03 1.330845889576662785e+03 1.411060698124363398e+03 1.490996987526833891e+03 1.377668102398213705e+03 1.361161430091143984e+03 1.427540681203154691e+03 1.640047353510224184e+03 1.722768834364994291e+03 1.852161430091143984e+03
6.649000000000000021e+00 6.456192279862500527e+02 7.223282026544444534e+02 8.383150603146181084e+02 1.185719867311180678e+03 1.336719867311180678e+03 1.417947430640694620e+03 1.498997750303159819e+03 1.385061212305451591e+03 1.369466019302014047e+03 1.437161851630382216e+03 1.648757044633819532e+03 1.731579800966771018e+03 1.860466019302014047e+03
8.395999999999999019e+00 6.492666074767730606e+02 7.255703177571316473e+02 8.432795490656077391e+02 1.191596200934801118e+03 1.342596200934801118e+03 1.424836925233904594e+03 1.507001721962918737e+03 1.392457287383456560e+03 1.377773939252649825e+03 1.446786880841484390e+03 1.657470228972291125e+03 1.740394301402201563e+03 1.868773939252649825e+03
1.060000000000000142e+01 6.530122346105907809e+02 7.288857052842669191e+02 8.483665167242976395e+02 1.197644881242209976e+03 1.348594269511680523e+03 1.431948551625387381e+03 1.515252222008564559e+03 1.400201610278035105e+03 1.386378751334888420e+03 1.456758339313860006e+03 1.666454668930682601e+03 1.749353445469623693e+03 1.877328139604358967e+03
1.338000000000000256e+01 6.570582445372721168e+02 7.324259639701131164e+02 8.538286301253174315e+02 1.204219647373067346e+03 1.354966735146203746e+03 1.439737120734248947e+03 1.524254594095430548e+03 1.409001681868566948e+03 1.395886874662589662e+03 1.467783716364066777e+03 1.676266243002884949e+03 1.758760418549157748e+03 1.886633962435726062e+03
1.690000000000000213e+01 6.611154681845468986e+02 7.359760346614785931e+02 8.593058820491384040e+02 1.210812635799888767e+03 1.361356862390661490e+03 1.447547276255252882e+03 1.533281916710616997e+03 1.417826143301389720e+03 1.405421350233685416e+03 1.478839650802890446e+03 1.686105010347526331e+03 1.768193463529071551e+03 1.895965576824457912e+03
2.134000000000000341e+01 6.651677766035380728e+02 7.395218045280957995e+02 8.647764984147763698e+02 1.217397636980749212e+03 1.367739248150572394e+03 1.455347969961810804e+03 1.542298302942872169e+03 1.426639914112695351e+03 1.414944275018314329e+03 1.489882191244641263e+03 1.695931858263579670e+03 1.777615080603226033e+03 1.905285886188137511e+03
2.693999999999999773e+01 6.692159036554786553e+02 7.430639156985438376e+02 8.702414699348962586e+02 1.223975843440152858e+03 1.374115048257378930e+03 1.463140614536796420e+03 1.551305385633439982e+03 1.435444590450666055e+03 1.424457373590374800e+03 1.500913337461179481e+03 1.705748566364535691e+03 1.787026975998987837e+03 1.914596578407600873e+03
3.401000000000000512e+01 6.732642652773089367e+02 7.466062321176452770e+02 8.757067581243669565e+02 1.230554431075627008e+03 1.380491217811761544e+03 1.470933710658819564e+03 1.560312990242012347e+03 1.444249776978146883e+03 1.433971023401675893e+03 1.511945122880666759e+03 1.715565843297473975e+03 1.796439416769743275e+03 1.923907810137810429e+03
4.293999999999999773e+01 6.773144816040091882e+02 7.501501714035080113e+02 8.811745501654123700e+02 1.237136032606514846e+03 1.386870308526314375e+03 1.478730377087717670e+03 1.569324721568920495e+03 1.453058997488720024e+03 1.443489031769421672e+03 1.522981962370924975e+03 1.725387617889722378e+03 1.805856169729321437e+03 1.933223307689221201e+03
5.422000000000000597e+01 6.813663805297786666e+02 7.536955829635563759e+02 8.866446137152012170e+02 1.243720368360890234e+03 1.393252049334401363e+03 1.486530282519823913e+03 1.578340196678757593e+03 1.461871877652268495e+03 1.453010994244979884e+03 1.534023386943646983e+03 1.735213472784713304e+03 1.815276834731735335e+03 1.942542675218491013e+03
6.846000000000000796e+01 6.854174757920743559e+02 7.572402913180650330e+02 8.921135923193003237e+02 1.250303398162120857e+03 1.399632524372517082e+03 1.494328640899743050e+03 1.587353883637365470e+03 1.470683009847761696e+03 1.462531068111374680e+03 1.545062621533402535e+03 1.745037378795780342e+03 1.824695631216572792e+03 1.951860194321770905e+03
8.643999999999999773e+01 6.894685903284481583e+02 7.607850165373921527e+02 8.975825969434049512e+02 1.256886459283728300e+03 1.406013029767305852e+03 1.502127036382262759e+03 1.596367613480797218e+03 1.479494183964374770e+03 1.472051187271853223e+03 1.556101908645021240e+03 1.754861331546486781e+03 1.834114472513641886e+03 1.961177757755430775e+03
1.091000000000000085e+02 6.937399385270637140e+02 7.644751652729453326e+02 9.033451345364771896e+02 1.263685557291772284e+03 1.412647732541183814e+03 1.510215103800009047e+03 1.605782475058834279e+03 1.488820299809422522e+03 1.482047248312952661e+03 1.567841568075307805e+03 1.765122897814129146e+03 1.844009423562364191e+03 1.970631176056480854e+03
1.378000000000000114e+02 6.984054640082939613e+02 7.684307194852926841e+02 9.096334514894396079e+02 1.270886694447583977e+03 1.419747445230012545e+03 1.518836183493586532e+03 1.615924921757160746e+03 1.499064170974732406e+03 1.492899666280161910e+03 1.580823899849165628e+03 1.776178164715305229e+03 1.854760417062590250e+03 1.980367924886874334e+03
1.740000000000000000e+02 7.030652654209995944e+02 7.723814206830213607e+02 9.159140533935211579e+02 1.278078996628064488e+03 1.426838447379781883e+03 1.527446686104020955e+03 1.626054924828260027e+03 1.509295474076542632e+03 1.503738769566238261e+03 1.593790303780172735e+03 1.787219868062803471e+03 1.865498220317955656e+03 1.990092727835129608e+03
2.197000000000000171e+02 7.077241826183434341e+02 7.763313722198998903e+02 9.221934635290716642e+02 1.285269934041356237e+03 1.433928103984435666e+03 1.536055554838243324e+03 1.636183005692050983e+03 1.519524835748971554e+03 1.514575816090494527e+03 1.606754247285825386e+03 1.798259476204335670e+03 1.876233986033574183e+03 1.999815685464368926e+03
2.774000000000000341e+02 7.123828970099142452e+02 7.802811518127533645e+02 9.284726003177105440e+02 1.292460558428345848e+03 1.441017451971608580e+03 1.544664048822667610e+03 1.646310645673726640e+03 1.529753752130463909e+03 1.525412390870887521e+03 1.619717626462369935e+03 1.809298603784362058e+03 1.886969284414150252e+03 2.009538219846777565e+03
3.502000000000000455e+02 7.170385425203816112e+02 7.842283295281496294e+02 9.347476007883404918e+02 1.299646446064067277e+03 1.448102129922319818e+03 1.553266872048531241e+03 1.656431614174742663e+03 1.539975930316490121e+03 1.536241827166974645e+03 1.632672466143670590e+03 1.820330459450469561e+03 1.897697511025227413e+03 2.019254349607753056e+03
4.421000000000000227e+02 7.216939436856702059e+02 7.881753000813290555e+02 9.410222719241642153e+02 1.306831956558316961e+03 1.455186436043411049e+03 1.561869243766999261e+03 1.666552051490587473e+03 1.550197572005493157e+03 1.547070695094928396e+03 1.645626625907951848e+03 1.831361736124740219e+03 1.908425174580022713e+03 2.028969969430963829e+03
5.583000000000000682e+02 7.263559108811197120e+02 7.921278374861667544e+02 9.473057929267266672e+02 1.314027601577380437e+03 1.462280733949530031e+03 1.570483748367286580e+03 1.676686762785042902e+03 1.560433630412893308e+03 1.557914836179995973e+03 1.658599056364854960e+03 1.842408571435696786e+03 1.919167968552145567e+03 2.038699292273641277e+03
7.049000000000000909e+02 7.310138654861221994e+02 7.960769729121470846e+02 9.535839056552082411e+02 1.321217053250319168e+03 1.469368925739751148e+03 1.579090838398269398e+03 1.686812751056787420e+03 1.570660878567355439e+03 1.568749643630762648e+03 1.671560321352687879e+03 1.853445898651898460e+03 1.929901516120194628e+03 2.048420241014515796e+03
8.900000000000000000e+02 7.356719403056659985e+02 8.000262102591516395e+02 9.598621804119845820e+02 1.328406690471788806e+03 1.476457300465143817e+03 1.587698150564817524e+03 1.696939000664491232e+03 1.580888390671136221e+03 1.579584730711005705e+03 1.684521920850548895e+03 1.864483510724295456e+03 1.940635340704360715e+03 2.058141440637911728e+03
1.124000000000000000e+03 7.405890818728851173e+02 8.042337176942538690e+02 9.666551744087790894e+02 1.336061304898643357e+03 1.483909005964944299e+03 1.596873565878372119e+03 1.707787359480566920e+03 1.591178163745770235e+03 1.591295022592897340e+03 1.698767245618655579e+03 1.876193489970431074e+03 1.951990424725498997e+03 2.068482761613168350e+03
1.419000000000000000e+03 7.457511021683311583e+02 8.086872254001289093e+02 9.739427324729381326e+02 1.344158591636597976e+03 1.491702644450225534e+03 1.606590309963917434e+03 1.719325993082152081e+03 1.601502204336662317e+03 1.603845817036726885e+03 1.714253306504993589e+03 1.888541852245811924e+03 1.963933922663982003e+03 2.079414098709407426e+03
1.791000000000000000e+03 7.509078748783006176e+02 8.131362057773574179e+02 9.812228821811302168e+02 1.352247646867922413e+03 1.499488360110375424e+03 1.616297176241507032e+03 1.730852896786789643e+03 1.611815749756601235e+03 1.616383852645279831e+03 1.729723624634901853e+03 1.900877661473581838e+03 1.975865279130185627e+03 2.090334323271695212e+03
2.262000000000000000e+03 7.560791226300613062e+02 8.175976744259352245e+02 9.885234672424394375e+02 1.360359408047154830e+03 1.507295930245386671e+03 1.626031289656585841e+03 1.742412156467195700e+03 1.622158245260122612e+03 1.628957082473090168e+03 1.745237367890183805e+03 1.913248097271911320e+03 1.987830126869553396e+03 2.101285200863659156e+03
2.856000000000000000e+03 7.612436683583109698e+02 8.220533609365820666e+02 9.958145906234979066e+02 1.368460656248330906e+03 1.515093381639018617e+03 1.635752787497997133e+03 1.753956435153871553e+03 1.632487336716621940e+03 1.641514017184912973e+03 1.760731005074932909e+03 1.925602500778704780e+03 1.999779467966288166e+03 2.112221885935246974e+03
3.605000000000000000e+03 7.664021687218278203e+02 8.265038318384397371e+02 1.003097179371992183e+03 1.376552421524435886e+03 1.522881705717269369e+03 1.645462905829323063e+03 1.765487200672321023e+03 1.642804337443655641e+03 1.654056253362875395e+03 1.776206506165483461e+03 1.937942442824764612e+03 2.011714821748542818e+03 2.123145769057988218e+03
4.552000000000000000e+03 7.715683149227377271e+02 8.309608991490285916e+02 1.010390562243865020e+03 1.384656180270961158e+03 1.530681573510800035e+03 1.655187416325153436e+03 1.777035056886119719e+03 1.653136629845475454e+03 1.666617079419989750e+03 1.791704944768213181e+03 1.950300674913215744e+03 2.023667865899667731e+03 2.134085843365797700e+03
5.748000000000000000e+03 7.767353547325715226e+02 8.354187374163362847e+02 1.017685206681277577e+03 1.392761340756974960e+03 1.538482790478588413e+03 1.664913608908369952e+03 1.788584910578689460e+03 1.663470709465143045e+03 1.679180078173311358e+03 1.807206064197714795e+03 1.962661044654386842e+03 2.035622977616538265e+03 2.145027810021916139e+03
7.257000000000000000e+03 7.818986132771586881e+02 8.398733134155878588e+02 1.024974512861871062e+03 1.400860569846523504e+03 1.546278298477278668e+03 1.674632683815828159e+03 1.800126312031295811e+03 1.673797226554317376e+03 1.691733883262111249e+03 1.822695839831475951e+03 1.975012369015948252e+03 2.047569340523622031e+03 2.155961769292806366e+03
9.163000000000000000e+03 7.870639220148156028e+02 8.443296582088605646e+02 1.032266713432680945e+03 1.408963014925200923e+03 1.554076901865505988e+03 1.684355617910241108e+03 1.811672296268411401e+03 1.684127844029631206e+03 1.704292673134061488e+03 1.838191766044446922e+03 1.987368597760931607e+03 2.059520447014671390e+03 2.166900070149021303e+03
1.157000000000000000e+04 7.928000015371050040e+02 8.490400012296839805e+02 1.040320002151946937e+03 1.417636668946705640e+03 1.562763335664609258e+03 1.694903336125740680e+03 1.824296670022679109e+03 1.696170003304775719e+03 1.718183337048003750e+03 1.855653338047121906e+03 2.000866670253244820e+03 2.072423336740582727e+03 2.178473336356306390e+03
1.461000000000000000e+04 7.988790129560578634e+02 8.539032103648462453e+02 1.048830618138480986e+03 1.426653869218152522e+03 1.571983169650020955e+03 1.705946873536838439e+03 1.837569178287393015e+03 1.709239877855524355e+03 1.732874281310473179e+03 1.874295639731910569e+03 2.015051030230801643e+03 2.085898478719261675e+03 2.190428725480247067e+03
1.844000000000000000e+04 8.049456550030565722e+02 8.587565240024453033e+02 1.057323917004279338e+03 1.435652721587867291e+03 1.581184243421302654e+03 1.716967939922219557e+03 1.850814680090006959e+03 1.722283158256571824e+03 1.747535332924053591e+03 1.892900008676040216e+03 2.029206528340465411e+03 2.099346201923442095e+03 2.202359788172678236e+03
2.329000000000000000e+04 8.110301693120808295e+02 8.636241354496646636e+02 1.065842237036913275e+03 1.444678084479586687e+03 1.590412423456655915e+03 1.728021474250280107e+03 1.864099202998043211e+03 1.735364864020973755e+03 1.762239575837528719e+03 1.911559185890381286e+03 2.043403728394855307e+03 2.112833541975112439e+03 2.214325999647092431e+03
2.940000000000000000e+04 8.171008398247295190e+02 8.684806718597835697e+02 1.074341175754621190e+03 1.453682912406682135e+03 1.599619607067506422e+03 1.739049859014925232e+03 1.877353500283992616e+03 1.748416805623168329e+03 1.776910362909762853e+03 1.930175908795837131e+03 2.057568626257701908e+03 2.126290194944816903e+03 2.226264984988634751e+03
3.712000000000000000e+04 8.231764780528094434e+02 8.733411824422476002e+02 1.082847069273933357e+03 1.462695109111667307e+03 1.608834325046761023e+03 1.750087268462603788e+03 1.890618643748633986e+03 1.761479427813540269e+03 1.791593155294289545e+03 1.948807866028615763e+03 2.071745115456555595e+03 2.139757859683727474e+03 2.238213740170525398e+03
4.687000000000000000e+04 8.292536972112126250e+02 8.782029577689701227e+02 1.091355176095697743e+03 1.471709650863298748e+03 1.618051440770339013e+03 1.761127549933702994e+03 1.903887238911147506e+03 1.774545449004107013e+03 1.806279768260430501e+03 1.967444671447718520e+03 2.085925293492829496e+03 2.153229028818187999e+03 2.250165604515384985e+03
5.918000000000000000e+04 8.353304976494769107e+02 8.830643981195814831e+02 1.099862696709267539e+03 1.480723571513390652e+03 1.627267921435039852e+03 1.772167070729882880e+03 1.917154919868024535e+03 1.787610569946375335e+03 1.820965369319569163e+03 1.986080192791729132e+03 2.100104494515445822e+03 2.166699269789673508e+03 2.262116645377304394e+03
7.472000000000000000e+04 8.414062117933221998e+02 8.879249694346577826e+02 1.108368696510651034e+03 1.489735880826761331e+03 1.636482754553205268e+03 1.783204618091202065e+03 1.930420229082086735e+03 1.800673355355642798e+03 1.835648345167195430e+03 2.004712382832854701e+03 2.114281160851085133e+03 2.180167102808531126e+03 2.274065549860200463e+03
9.434000000000000000e+04 8.474817523145809446e+02 8.927854018516648011e+02 1.116874453240413459e+03 1.498747932599961814e+03 1.645697324343781020e+03 1.794241850038155462e+03 1.943685159220168543e+03 1.813735767476349110e+03 1.850330901426903893e+03 2.023344040431381700e+03 2.128457422067355765e+03 2.193634550963987749e+03 2.286014112885342456e+03
1.191000000000000000e+05 8.542379115423116218e+02 8.980992351200700341e+02 1.126439352625312267e+03 1.508742999671243297e+03 1.659310852460933802e+03 1.806488970185347171e+03 1.958538587745382301e+03 1.828007205415002772e+03 1.867284558259486175e+03 2.045307881618073225e+03 2.144221793598727345e+03 2.201251058643035776e+03 2.297198470240140068e+03
1.504000000000000000e+05 8.612301007016379799e+02 9.035713831578036661e+02 1.136370287953051047e+03 1.519079279298073516e+03 1.674409927602087919e+03 1.819155979531952880e+03 1.973941671110854713e+03 1.842700936257065450e+03 1.885018371344734078e+03 2.068412506666282297e+03 2.160536901637155552e+03 2.206925878830315014e+03 2.308142766315607332e+03
1.899000000000000000e+05 8.682182225668542515e+02 9.090403480957988904e+02 1.146295446544227616e+03 1.529409546403175682e+03 1.689500219745815684e+03 1.831815620592127289e+03 1.989335794640026734e+03 1.857386119886867618e+03 1.902741868828978113e+03 2.091503691960039760e+03 2.176842519322659882e+03 2.212597398025272923e+03 2.319080696191597781e+03
2.397000000000000000e+05 8.751970943483221390e+02 9.145020738378173064e+02 1.156207467335298134e+03 1.539726139471432589e+03 1.704570537071014314e+03 1.844458504254206673e+03 2.004709541173115440e+03 1.872051864934879859e+03 1.920441905955889524e+03 2.114564311759673274e+03 2.193126553479418362e+03 2.218261409905884648e+03 2.330004147675634613e+03
3.027000000000000000e+05 8.821898570460035671e+02 9.199746707316550101e+02 1.166139217253744164e+03 1.550063266937570461e+03 1.719670850722529394e+03 1.857126552619571612e+03 2.020113887985399060e+03 1.886746801038703097e+03 1.938177173667400439e+03 2.137670831978098704e+03 2.209442999774008513e+03 2.223936695573568159e+03 2.340949341463309793e+03
3.822000000000000000e+05 8.891780571076105844e+02 9.254436968668256895e+02 1.176064486906461298e+03 1.560393649637337376e+03 1.734761311725130099e+03 1.869786335339874313e+03 2.035508183773287101e+03 1.901432148994254021e+03 1.955900869475823811e+03 2.160762275659930765e+03 2.225748799917757879e+03 2.229608278232263729e+03 2.351887393733651152e+03
4.826000000000000000e+05 8.961675249125210030e+02 9.309137151489294411e+02 1.185991557122131098e+03 1.570725906392422303e+03 1.749854510318342363e+03 1.882448414696595819e+03 2.050905272271060767e+03 1.916120161048051159e+03 1.973627780575234283e+03 2.183857908406590923e+03 2.242057558129215522e+03 2.235280889784075043e+03 2.362827430297858882e+03
6.093000000000000000e+05 9.031533512905883754e+02 9.363808836187213274e+02 1.195913455456198108e+03 1.581052780168695790e+03 1.764939845540546003e+03 1.895103897265558771e+03 2.066294339074919208e+03 1.930800520828048093e+03 1.991345456171782189e+03 2.206941508612379039e+03 2.258357819678039505e+03 2.240950545974970282e+03 2.373761767237442655e+03
7.693000000000000000e+05 9.101406055382045679e+02 9.418491695516383970e+02 1.205837381778899271e+03 1.591381764708650280e+03 1.780028264133224184e+03 1.907761966554718356e+03 2.081686551330537441e+03 1.945483881203473402e+03 2.009066753176605744e+03 2.230029826995806161e+03 2.274661412922477211e+03 2.246621361016513674e+03 2.384698339103276794e+03
9.713000000000000000e+05 9.171273838227697297e+02 9.473170829917328319e+02 1.215760632096107656e+03 1.601710045651050905e+03 1.795115654921633222e+03 1.920419173591974186e+03 2.097077715087840716e+03 1.960166241366689974e+03 2.026786843028763769e+03 2.253116572631760846e+03 2.290963895586462968e+03 2.252291789769204570e+03 2.395634165983465664e+03
1.226000000000000000e+06 9.251677280847741258e+02 9.533979186811261570e+02 1.227264894541157901e+03 1.613353385011340379e+03 1.814698094036479233e+03 1.935362060997541903e+03 2.115016775103013515e+03 1.976335456169548252e+03 2.047848470148850311e+03 2.281308274472165522e+03 2.309105265573195993e+03 2.267866398990642665e+03 2.408326780183346727e+03
1.548000000000000000e+06 9.333714474640968319e+02 9.595760283371593005e+02 1.239013430936237455e+03 1.625203201892584275e+03 1.834954191269374860e+03 1.950655414408377965e+03 2.133348543098784376e+03 1.992742894928193664e+03 2.069421213701883971e+03 2.310274493515205904e+03 2.327538314055131195e+03 2.284881520666274810e+03 2.421290682412399747e+03
1.955000000000000000e+06 9.415828877002827539e+02 9.657599524656450285e+02 1.250773024360898717e+03 1.637064171122630569e+03 1.855229352346377254e+03 1.965963161021514679e+03 2.151697563873471154e+03 2.009165775400565508e+03 2.091014260248891787e+03 2.339267973855319269e+03 2.345988710635203461e+03 2.301912655970956621e+03 2.434266785501681625e+03
2.468000000000000000e+06 9.497799575842575450e+02 9.719330544770334654e+02 1.262512038021899798e+03 1.648904383177261025e+03 1.875469031072240796e+03 1.981244118459541824e+03 2.170014473120378170e+03 2.025559915168515090e+03 2.112569518091936516e+03 2.368210714433304474e+03 2.364406818275739170e+03 2.318913986100682450e+03 2.447220179886234291e+03
3.117000000000000000e+06 9.579926809844240552e+02 9.781179449388872627e+02 1.274273469064113442e+03 1.660767205866390213e+03 1.895747360455367925e+03 1.996554257143802715e+03 2.188366361212108131e+03 2.041985361968848110e+03 2.134165938884967090e+03 2.397208725451176178e+03 2.382860098014384675e+03 2.335947782782508966e+03 2.460198310691435381e+03
3.935000000000000000e+06 9.661905236723017651e+02 9.842916289384000947e+02 1.286013589456629688e+03 1.672608534193324886e+03 1.915988947339016704e+03 2.011836655240957498e+03 2.206684997341810231e+03 2.058381047344603758e+03 2.155723228916052904e+03 2.426154194694793659e+03 2.401279942078504973e+03 2.352950715764774031e+03 2.473152926296970691e+03
4.968000000000000000e+06 9.743907085606504097e+02 9.904670768172799171e+02 1.297757064111548743e+03 1.684453245698717183e+03 1.936236317433704698e+03 2.027123419662447077e+03 2.225008867277502759e+03 2.074781417121300819e+03 2.177286678066895547e+03 2.455107933930197760e+03 2.419705048864671426e+03 2.369958506644311910e+03 2.486111243157571153e+03
6.273000000000000000e+06 9.825954982905240058e+02 9.966459925397773532e+02 1.309507133354330790e+03 1.696304608641868072e+03 1.956495057507466754e+03 2.042418768418137461e+03 2.243343027044257269e+03 2.091190996581048239e+03 2.198862236245452095e+03 2.484077932235677508e+03 2.438140502331794778e+03 2.386975848306271928e+03 2.499076836804778850e+03
7.920000000000000000e+06 9.907967397087489871e+02 1.002822236076959143e+03 1.321252121064381299e+03 1.708150846245970797e+03 1.976745036317898666e+03 2.057707502420013498e+03 2.261669257867698434e+03 2.107593479417497747e+03 2.220428463678561911e+03 2.513035401934595029e+03 2.456567983049287704e+03 2.403985830507034734e+03 2.512036823243455274e+03
1.000000000000000000e+07 9.990000000000000000e+02 1.009000000000000000e+03 1.333000000000000000e+03 1.720000000000000000e+03 1.997000000000000000e+03 2.073000000000000000e+03 2.280000000000000000e+03 2.124000000000000000e+03 2.242000000000000000e+03 2.542000000000000000e+03 2.475000000000000000e+03 2.421000000000000000e+03 2.525000000000000000e+03
