5.700000000000000178e+00 6.160499999999999545e+02 7.082999999999999545e+02 7.751699999999999591e+02 1.115099999999999909e+03 1.211900000000000091e+03 1.335900000000000091e+03 1.369900000000000091e+03 1.363099999999999909e+03 1.315700000000000045e+03 1.360900000000000091e+03 1.508200000000000045e+03 1.600299999999999955e+03 1.685900000000000091e+03
1.330000000000000071e+01 6.216599999999999682e+02 7.120099999999999909e+02 7.819199999999999591e+02 1.120099999999999909e+03 1.218900000000000091e+03 1.341700000000000045e+03 1.377299999999999955e+03 1.371500000000000000e+03 1.324000000000000000e+03 1.374099999999999909e+03 1.518099999999999909e+03 1.609700000000000045e+03 1.693500000000000000e+03
1.750000000000000000e+01 6.268700000000000045e+02 7.167000000000000455e+02 7.864800000000000182e+02 1.127000000000000000e+03 1.225400000000000091e+03 1.350500000000000000e+03 1.386000000000000000e+03 1.380000000000000000e+03 1.333200000000000045e+03 1.384099999999999909e+03 1.527500000000000000e+03 1.616700000000000045e+03 1.700099999999999909e+03
2.310000000000000142e+01 6.300800000000000409e+02 7.195099999999999909e+02 7.937200000000000273e+02 1.132900000000000091e+03 1.231599999999999909e+03 1.359299999999999955e+03 1.394700000000000045e+03 1.389400000000000091e+03 1.343400000000000091e+03 1.397200000000000045e+03 1.536099999999999909e+03 1.626500000000000000e+03 1.708599999999999909e+03
3.050000000000000000e+01 6.356900000000000546e+02 7.223099999999999454e+02 7.982500000000000000e+02 1.138799999999999955e+03 1.237299999999999955e+03 1.367099999999999909e+03 1.403299999999999955e+03 1.399700000000000045e+03 1.353299999999999955e+03 1.407299999999999955e+03 1.544799999999999955e+03 1.633200000000000045e+03 1.717099999999999909e+03
4.020000000000000284e+01 6.385000000000000000e+02 7.273300000000000409e+02 8.056299999999999955e+02 1.147500000000000000e+03 1.242900000000000091e+03 1.374799999999999955e+03 1.412000000000000000e+03 1.409700000000000045e+03 1.363299999999999955e+03 1.417500000000000000e+03 1.556400000000000091e+03 1.643900000000000091e+03 1.725599999999999909e+03
5.300000000000000000e+01 6.441100000000000136e+02 7.307200000000000273e+02 8.101399999999999864e+02 1.153400000000000091e+03 1.248599999999999909e+03 1.382700000000000045e+03 1.420700000000000045e+03 1.419400000000000091e+03 1.373299999999999955e+03 1.430500000000000000e+03 1.565000000000000000e+03 1.652500000000000000e+03 1.732900000000000091e+03
6.980000000000001137e+01 6.497200000000000273e+02 7.363200000000000500e+02 8.147500000000000000e+02 1.160200000000000045e+03 1.254200000000000045e+03 1.391500000000000000e+03 1.429299999999999955e+03 1.429900000000000091e+03 1.383299999999999955e+03 1.442099999999999909e+03 1.573700000000000045e+03 1.662099999999999909e+03 1.742500000000000000e+03
9.210000000000000853e+01 6.525299999999999727e+02 7.391299999999999955e+02 8.204099999999999682e+02 1.165200000000000045e+03 1.262799999999999955e+03 1.400200000000000045e+03 1.438700000000000045e+03 1.439099999999999909e+03 1.393400000000000091e+03 1.456200000000000045e+03 1.585200000000000045e+03 1.672500000000000000e+03 1.751099999999999909e+03
1.214000000000000057e+02 6.581399999999999864e+02 7.447300000000000182e+02 8.260599999999999454e+02 1.172599999999999909e+03 1.268400000000000091e+03 1.409000000000000000e+03 1.448299999999999955e+03 1.450200000000000045e+03 1.403299999999999955e+03 1.469400000000000091e+03 1.593900000000000091e+03 1.681299999999999955e+03 1.759700000000000045e+03
1.600000000000000000e+02 6.609400000000000546e+02 7.475299999999999727e+02 8.317200000000000273e+02 1.179900000000000091e+03 1.274099999999999909e+03 1.417799999999999955e+03 1.457900000000000091e+03 1.458799999999999955e+03 1.412900000000000091e+03 1.482299999999999955e+03 1.604900000000000091e+03 1.692500000000000000e+03 1.768500000000000000e+03
2.109000000000000057e+02 6.665499999999999545e+02 7.531399999999999864e+02 8.373700000000000045e+02 1.188700000000000045e+03 1.280099999999999909e+03 1.426500000000000000e+03 1.466900000000000091e+03 1.470099999999999909e+03 1.421200000000000045e+03 1.495500000000000000e+03 1.614099999999999909e+03 1.703900000000000091e+03 1.779599999999999909e+03
2.781000000000000227e+02 6.721699999999999591e+02 7.559400000000000546e+02 8.430299999999999727e+02 1.192599999999999909e+03 1.286799999999999955e+03 1.435299999999999955e+03 1.475500000000000000e+03 1.481299999999999955e+03 1.432299999999999955e+03 1.509599999999999909e+03 1.625700000000000045e+03 1.712900000000000091e+03 1.788099999999999909e+03
3.665000000000000000e+02 6.769199999999999591e+02 7.615499999999999545e+02 8.502999999999999545e+02 1.203099999999999909e+03 1.293900000000000091e+03 1.444099999999999909e+03 1.484200000000000045e+03 1.492599999999999909e+03 1.443400000000000091e+03 1.523599999999999909e+03 1.634299999999999955e+03 1.723900000000000091e+03 1.800099999999999909e+03
4.832000000000000455e+02 6.814600000000000364e+02 7.643500000000000227e+02 8.571399999999999864e+02 1.209200000000000045e+03 1.299599999999999909e+03 1.452400000000000091e+03 1.495700000000000045e+03 1.503599999999999909e+03 1.454500000000000000e+03 1.536900000000000091e+03 1.645900000000000091e+03 1.735000000000000000e+03 1.810900000000000091e+03
6.370000000000000000e+02 6.862000000000000455e+02 7.699600000000000364e+02 8.627899999999999636e+02 1.215500000000000000e+03 1.308099999999999909e+03 1.460000000000000000e+03 1.504400000000000091e+03 1.513700000000000045e+03 1.466000000000000000e+03 1.549900000000000091e+03 1.656000000000000000e+03 1.744599999999999909e+03 1.822200000000000045e+03
8.397000000000000455e+02 6.918099999999999454e+02 7.727599999999999909e+02 8.712500000000000000e+02 1.223900000000000091e+03 1.319299999999999955e+03 1.467700000000000045e+03 1.515799999999999955e+03 1.526299999999999955e+03 1.478799999999999955e+03 1.562900000000000091e+03 1.666099999999999909e+03 1.755400000000000091e+03 1.830799999999999955e+03
1.107000000000000000e+03 6.974199999999999591e+02 7.783600000000000136e+02 8.768999999999999773e+02 1.230900000000000091e+03 1.329099999999999909e+03 1.478099999999999909e+03 1.524599999999999909e+03 1.536500000000000000e+03 1.491799999999999955e+03 1.577000000000000000e+03 1.677599999999999909e+03 1.766799999999999955e+03 1.841700000000000045e+03
1.459299999999999955e+03 7.030299999999999727e+02 7.839700000000000273e+02 8.840900000000000318e+02 1.238599999999999909e+03 1.339500000000000000e+03 1.486099999999999909e+03 1.534799999999999955e+03 1.547000000000000000e+03 1.504500000000000000e+03 1.591000000000000000e+03 1.689200000000000045e+03 1.778200000000000045e+03 1.850700000000000045e+03
1.923700000000000045e+03 7.086399999999999864e+02 7.880800000000000409e+02 8.910099999999999909e+02 1.249000000000000000e+03 1.348000000000000000e+03 1.493799999999999955e+03 1.544799999999999955e+03 1.557299999999999955e+03 1.515799999999999955e+03 1.604500000000000000e+03 1.700200000000000045e+03 1.788799999999999955e+03 1.860500000000000000e+03
2.535900000000000091e+03 7.142500000000000000e+02 7.923799999999999955e+02 8.987699999999999818e+02 1.256200000000000045e+03 1.360400000000000091e+03 1.502599999999999909e+03 1.556400000000000091e+03 1.569900000000000091e+03 1.529700000000000045e+03 1.619099999999999909e+03 1.712299999999999955e+03 1.798500000000000000e+03 1.870599999999999909e+03
3.343000000000000000e+03 7.198700000000000045e+02 7.979800000000000182e+02 9.051200000000000045e+02 1.264200000000000045e+03 1.372900000000000091e+03 1.514299999999999955e+03 1.566799999999999955e+03 1.580099999999999909e+03 1.540799999999999955e+03 1.635900000000000091e+03 1.722500000000000000e+03 1.810700000000000045e+03 1.882000000000000000e+03
4.406899999999999636e+03 7.254800000000000182e+02 8.035900000000000318e+02 9.134800000000000182e+02 1.272000000000000000e+03 1.385200000000000045e+03 1.523099999999999909e+03 1.579400000000000091e+03 1.591099999999999909e+03 1.554799999999999955e+03 1.651700000000000045e+03 1.735400000000000091e+03 1.821099999999999909e+03 1.892299999999999955e+03
5.809399999999999636e+03 7.310900000000000318e+02 8.063899999999999864e+02 9.192300000000000182e+02 1.282599999999999909e+03 1.397700000000000045e+03 1.534799999999999955e+03 1.589099999999999909e+03 1.603099999999999909e+03 1.568200000000000045e+03 1.667400000000000091e+03 1.746900000000000091e+03 1.833000000000000000e+03 1.901900000000000091e+03
7.658300000000000182e+03 7.367000000000000455e+02 8.120000000000000000e+02 9.276900000000000546e+02 1.288500000000000000e+03 1.407900000000000091e+03 1.546299999999999955e+03 1.599700000000000045e+03 1.616000000000000000e+03 1.581000000000000000e+03 1.683700000000000045e+03 1.758500000000000000e+03 1.845299999999999955e+03 1.913299999999999955e+03
1.009600000000000000e+04 7.423099999999999454e+02 8.151799999999999500e+02 9.333400000000000318e+02 1.297299999999999955e+03 1.422200000000000045e+03 1.555200000000000045e+03 1.611299999999999955e+03 1.627599999999999909e+03 1.593799999999999955e+03 1.700599999999999909e+03 1.772700000000000045e+03 1.855400000000000091e+03 1.924700000000000045e+03
1.330900000000000182e+04 7.479199999999999591e+02 8.232100000000000364e+02 9.417999999999999545e+02 1.306099999999999909e+03 1.433599999999999909e+03 1.564599999999999909e+03 1.622799999999999955e+03 1.639099999999999909e+03 1.607700000000000045e+03 1.717500000000000000e+03 1.784500000000000000e+03 1.867400000000000091e+03 1.936099999999999909e+03
1.754400000000000000e+04 7.535399999999999636e+02 8.288099999999999454e+02 9.474500000000000455e+02 1.314900000000000091e+03 1.445000000000000000e+03 1.575700000000000045e+03 1.634299999999999955e+03 1.652900000000000091e+03 1.622099999999999909e+03 1.736099999999999909e+03 1.796000000000000000e+03 1.879900000000000091e+03 1.946000000000000000e+03
2.312800000000000000e+04 7.591499999999999773e+02 8.343600000000000136e+02 9.559099999999999682e+02 1.323700000000000045e+03 1.459299999999999955e+03 1.585700000000000045e+03 1.645900000000000091e+03 1.664900000000000091e+03 1.635599999999999909e+03 1.754599999999999909e+03 1.810200000000000045e+03 1.892400000000000091e+03 1.956000000000000000e+03
3.048800000000000000e+04 7.647599999999999909e+02 8.400199999999999818e+02 9.643600000000000136e+02 1.335400000000000091e+03 1.470700000000000045e+03 1.596200000000000045e+03 1.658400000000000091e+03 1.677799999999999955e+03 1.650500000000000000e+03 1.773599999999999909e+03 1.822000000000000000e+03 1.904099999999999909e+03 1.970299999999999955e+03
4.019100000000000000e+04 7.707300000000000182e+02 8.456299999999999955e+02 9.728200000000000500e+02 1.341799999999999955e+03 1.484799999999999955e+03 1.604900000000000091e+03 1.671000000000000000e+03 1.690700000000000045e+03 1.666200000000000045e+03 1.791700000000000045e+03 1.835299999999999955e+03 1.917299999999999955e+03 1.981599999999999909e+03
5.298199999999999272e+04 7.759800000000000182e+02 8.512300000000000182e+02 9.812699999999999818e+02 1.350099999999999909e+03 1.496400000000000091e+03 1.616599999999999909e+03 1.683400000000000091e+03 1.703599999999999909e+03 1.681700000000000045e+03 1.812900000000000091e+03 1.848000000000000000e+03 1.929799999999999955e+03 1.993000000000000000e+03
6.984400000000000000e+04 7.825700000000000500e+02 8.568400000000000318e+02 9.897300000000000182e+02 1.360000000000000000e+03 1.509599999999999909e+03 1.628299999999999955e+03 1.694900000000000091e+03 1.716599999999999909e+03 1.697299999999999955e+03 1.831599999999999909e+03 1.862400000000000091e+03 1.941200000000000045e+03 1.995799999999999955e+03
9.207300000000000000e+04 7.900099999999999909e+02 8.624400000000000546e+02 9.981799999999999500e+02 1.370599999999999909e+03 1.522099999999999909e+03 1.640000000000000000e+03 1.708500000000000000e+03 1.729500000000000000e+03 1.713599999999999909e+03 1.852200000000000045e+03 1.876799999999999955e+03 1.952700000000000045e+03 1.998599999999999909e+03
1.213800000000000000e+05 7.956200000000000045e+02 8.680499999999999545e+02 1.006600000000000023e+03 1.379400000000000091e+03 1.534500000000000000e+03 1.651700000000000045e+03 1.721099999999999909e+03 1.742900000000000091e+03 1.728400000000000091e+03 1.871900000000000091e+03 1.891099999999999909e+03 1.967000000000000000e+03 2.010299999999999955e+03
1.600000000000000000e+05 8.040399999999999636e+02 8.736499999999999773e+02 1.017100000000000023e+03 1.388799999999999955e+03 1.552700000000000045e+03 1.663400000000000091e+03 1.733599999999999909e+03 1.757000000000000000e+03 1.746799999999999955e+03 1.892900000000000091e+03 1.903700000000000045e+03 1.979700000000000045e+03 2.021299999999999955e+03
2.109300000000000291e+05 8.096499999999999773e+02 8.792599999999999909e+02 1.026299999999999955e+03 1.399900000000000091e+03 1.568000000000000000e+03 1.676000000000000000e+03 1.746900000000000091e+03 1.771000000000000000e+03 1.766700000000000045e+03 1.914000000000000000e+03 1.919099999999999909e+03 1.992700000000000045e+03 2.032700000000000045e+03
2.780600000000000000e+05 8.164099999999999682e+02 8.848700000000000045e+02 1.034799999999999955e+03 1.409900000000000091e+03 1.585000000000000000e+03 1.689799999999999955e+03 1.761500000000000000e+03 1.784000000000000000e+03 1.786200000000000045e+03 1.932799999999999955e+03 1.934500000000000000e+03 2.007000000000000000e+03 2.044099999999999909e+03
3.665500000000000000e+05 8.236799999999999500e+02 8.904700000000000273e+02 1.044700000000000045e+03 1.417500000000000000e+03 1.601500000000000000e+03 1.703000000000000000e+03 1.775799999999999955e+03 1.796900000000000091e+03 1.800200000000000045e+03 1.956200000000000045e+03 1.949000000000000000e+03 2.021299999999999955e+03 2.055500000000000000e+03
4.832099999999999418e+05 8.310700000000000500e+02 8.960800000000000409e+02 1.054500000000000000e+03 1.431000000000000000e+03 1.619299999999999955e+03 1.716500000000000000e+03 1.789500000000000000e+03 1.810400000000000091e+03 1.817500000000000000e+03 1.981099999999999909e+03 1.963500000000000000e+03 2.035299999999999955e+03 2.066900000000000091e+03
6.369900000000000000e+05 8.377100000000000364e+02 9.016799999999999500e+02 1.063000000000000000e+03 1.438000000000000000e+03 1.635000000000000000e+03 1.730700000000000045e+03 1.804700000000000045e+03 1.824400000000000091e+03 1.838700000000000045e+03 2.006700000000000045e+03 1.980700000000000045e+03 2.047799999999999955e+03 2.078300000000000182e+03
8.397100000000000000e+05 8.461299999999999955e+02 9.072899999999999636e+02 1.074200000000000045e+03 1.449700000000000045e+03 1.650700000000000045e+03 1.746400000000000091e+03 1.819099999999999909e+03 1.838500000000000000e+03 1.857099999999999909e+03 2.029500000000000000e+03 1.995200000000000045e+03 2.063099999999999909e+03 2.089699999999999818e+03
1.107000000000000000e+06 8.545499999999999545e+02 9.157000000000000455e+02 1.085200000000000045e+03 1.458500000000000000e+03 1.667900000000000091e+03 1.760000000000000000e+03 1.833500000000000000e+03 1.852500000000000000e+03 1.878299999999999955e+03 2.053599999999999909e+03 2.011500000000000000e+03 2.078599999999999909e+03 2.101099999999999909e+03
1.459300000000000000e+06 8.629600000000000364e+02 9.218999999999999773e+02 1.092500000000000000e+03 1.470200000000000045e+03 1.683799999999999955e+03 1.776200000000000045e+03 1.850900000000000091e+03 1.867099999999999909e+03 1.896700000000000045e+03 2.077800000000000182e+03 2.027000000000000000e+03 2.096699999999999818e+03 2.112500000000000000e+03
1.923699999999999767e+06 8.705000000000000000e+02 9.297100000000000364e+02 1.102400000000000091e+03 1.480799999999999955e+03 1.699299999999999955e+03 1.792700000000000045e+03 1.866500000000000000e+03 1.880700000000000045e+03 1.917500000000000000e+03 2.102199999999999818e+03 2.044299999999999955e+03 2.112000000000000000e+03 2.123900000000000091e+03
2.535900000000000000e+06 8.797999999999999545e+02 9.365499999999999545e+02 1.112700000000000045e+03 1.493599999999999909e+03 1.716500000000000000e+03 1.812000000000000000e+03 1.884799999999999955e+03 1.897500000000000000e+03 1.936299999999999955e+03 2.128900000000000091e+03 2.060599999999999909e+03 2.130099999999999909e+03 2.138099999999999909e+03
3.343000000000000000e+06 8.879500000000000455e+02 9.437200000000000273e+02 1.122799999999999955e+03 1.504799999999999955e+03 1.732599999999999909e+03 1.830099999999999909e+03 1.903099999999999909e+03 1.914200000000000045e+03 1.957500000000000000e+03 2.161199999999999818e+03 2.078900000000000091e+03 2.144500000000000000e+03 2.149500000000000000e+03
4.406900000000000000e+06 8.966299999999999955e+02 9.493300000000000409e+02 1.135799999999999955e+03 1.515400000000000091e+03 1.747900000000000091e+03 1.847700000000000045e+03 1.923000000000000000e+03 1.929900000000000091e+03 1.973000000000000000e+03 2.191199999999999818e+03 2.097199999999999818e+03 2.161599999999999909e+03 2.163800000000000182e+03
5.809400000000000000e+06 9.050499999999999545e+02 9.557300000000000182e+02 1.145900000000000091e+03 1.528799999999999955e+03 1.766099999999999909e+03 1.867000000000000000e+03 1.942500000000000000e+03 1.945700000000000045e+03 1.994200000000000045e+03 2.221000000000000000e+03 2.118400000000000091e+03 2.182000000000000000e+03 2.176300000000000182e+03
7.658300000000000000e+06 9.127200000000000273e+02 9.630599999999999454e+02 1.158700000000000045e+03 1.540500000000000000e+03 1.781400000000000091e+03 1.886299999999999955e+03 1.963700000000000045e+03 1.964200000000000045e+03 2.018200000000000045e+03 2.250800000000000182e+03 2.139500000000000000e+03 2.204599999999999909e+03 2.191599999999999909e+03
1.000000000000000000e+07 9.162699999999999818e+02 9.661399999999999864e+02 1.164299999999999955e+03 1.546299999999999955e+03 1.791900000000000091e+03 1.897400000000000091e+03 1.974299999999999955e+03 1.972000000000000000e+03 2.028799999999999955e+03 2.262400000000000091e+03 2.150099999999999909e+03 2.213699999999999818e+03 2.199300000000000182e+03
