1.000000000000000056e-01 5.892807625535762099e+02 6.905969927047713099e+02 7.429610244628590863e+02 1.091241499602117756e+03 1.178498099442965213e+03 1.308224139538457166e+03 1.334589419411135168e+03 1.323017719331557601e+03 1.276094889339515930e+03 1.297913558949592243e+03 1.460960169212194160e+03 1.555446019251981170e+03 1.649635079395219691e+03
1.262999999999999956e-01 5.908267100680640169e+02 6.916193572820885720e+02 7.448211217396493566e+02 1.092619349436777156e+03 1.180427089211488237e+03 1.309822445346661880e+03 1.336628637166431190e+03 1.325332507053785321e+03 1.278382120065050458e+03 1.301551082513092979e+03 1.463688311884819768e+03 1.558036376941140816e+03 1.651729411143901871e+03
1.594000000000000139e-01 5.923678036499260315e+02 6.926385118611808593e+02 7.466753787231731394e+02 1.093992873128276415e+03 1.182350022379587017e+03 1.311415732828800856e+03 1.338661452229849829e+03 1.327640026855503947e+03 1.280662169392939177e+03 1.305177185058650593e+03 1.466407888793987922e+03 1.560618601481159203e+03 1.653817167154980552e+03
2.013000000000000067e-01 5.939130210145568753e+02 6.936603935764715061e+02 7.485345974774080560e+02 1.095370072205487304e+03 1.184278101087682444e+03 1.313013283758365787e+03 1.340699706864122163e+03 1.329953721305218551e+03 1.282948319861109439e+03 1.308812990622487632e+03 1.469134742966865815e+03 1.563207735746316075e+03 1.655910509752341341e+03
2.540999999999999925e-01 5.954552720925776157e+02 6.946803136298507297e+02 7.503902471702137973e+02 1.096744627533491666e+03 1.186202478546888642e+03 1.314607767938850657e+03 1.342734048749568501e+03 1.332262974256265807e+03 1.285230081705596604e+03 1.312441816688419067e+03 1.471856362516314221e+03 1.565791899762964022e+03 1.657999833850907862e+03
3.209000000000000186e-01 5.970006357260958794e+02 6.957022920755463247e+02 7.522496419164256167e+02 1.098121956975129933e+03 1.188130739765182170e+03 1.316205470091151255e+03 1.344772496323193081e+03 1.334576887718218131e+03 1.287516448578716108e+03 1.316077966414344246e+03 1.474583474810758162e+03 1.568381279113244318e+03 1.660093374602198082e+03
4.051000000000000156e-01 5.985433691104849458e+02 6.967225310873259332e+02 7.541058719243803807e+02 1.099496942166207646e+03 1.190055719032690831e+03 1.317800452912801120e+03 1.346807474405987932e+03 1.336886862839228570e+03 1.289798923995904943e+03 1.319707927318789189e+03 1.477305945489091755e+03 1.570966251272470117e+03 1.662183352092636142e+03
5.115000000000000657e-01 6.000874878372559351e+02 6.977436862524454000e+02 7.559637687881422607e+02 1.100873162065290444e+03 1.191982426891406931e+03 1.319396867995737239e+03 1.348844279856630465e+03 1.339198912269687753e+03 1.292083449028382574e+03 1.323341147852367612e+03 1.480030860889275800e+03 1.573553544682745951e+03 1.664275206339242004e+03
6.458000000000000407e-01 6.016311340711241655e+02 6.987645289489964853e+02 7.578210971444007100e+02 1.102248960847704211e+03 1.193908545186786114e+03 1.320992794583337172e+03 1.350880462054602731e+03 1.341510254224142955e+03 1.294367275007189392e+03 1.326973256637939812e+03 1.482754942478454950e+03 1.576140046393683861e+03 1.666366420488510812e+03
8.154000000000000137e-01 6.031750892373324859e+02 6.997855759483962856e+02 7.596787972106941424e+02 1.103625034970884599e+03 1.195835048959238520e+03 1.322589040566226458e+03 1.352917051756909586e+03 1.343822058751085933e+03 1.296651558051668644e+03 1.330606092323135954e+03 1.485479569242351999e+03 1.578727065745262735e+03 1.668458053155744892e+03
1.030000000000000027e+00 6.047219997665355322e+02 7.008085773857122831e+02 7.615400531950293725e+02 1.105003743107429045e+03 1.197765240350400973e+03 1.324188342004618107e+03 1.354957539798995640e+03 1.346138288420480876e+03 1.298940213558332516e+03 1.334245881803613429e+03 1.488209411352710049e+03 1.581319037041966567e+03 1.670553689523292633e+03
1.300000000000000044e+00 6.062634159604707520e+02 7.018279453143219371e+02 7.633946983481600910e+02 1.106377554331970259e+03 1.199688576064758763e+03 1.325781963025085815e+03 1.356990780411316564e+03 1.348446291277710088e+03 1.301220740191071172e+03 1.337872743436402516e+03 1.490929557577301694e+03 1.583901802144104295e+03 1.672641882584595351e+03
1.641000000000000014e+00 6.078057331824991252e+02 7.028479091099949301e+02 7.652504276260017377e+02 1.107752168611852994e+03 1.201613036056594410e+03 1.327376515589749715e+03 1.359025209545543021e+03 1.350755643267913001e+03 1.303502599895676440e+03 1.341501725135292645e+03 1.493651293851469518e+03 1.586486076990283664e+03 1.674731296290017099e+03
2.072000000000000064e+00 6.093498179903434675e+02 7.038690418438812912e+02 7.671082836782208005e+02 1.109128358280163411e+03 1.203539701592229221e+03 1.328972895604989844e+03 1.361061970254642347e+03 1.353067641910674638e+03 1.305787074745071777e+03 1.345134865859632328e+03 1.496376149394724052e+03 1.589073313566707384e+03 1.676823104585848796e+03
2.617000000000000437e+00 6.108959274277463010e+02 7.048915135039105735e+02 7.689685757820476510e+02 1.110506352431146297e+03 1.205468893403605080e+03 1.330571368820130147e+03 1.363101401598097027e+03 1.355382672084325804e+03 1.308074545035703295e+03 1.348772770418226855e+03 1.499104577813670176e+03 1.591663942570555264e+03 1.678917655695342773e+03
3.304000000000000270e+00 6.124393284125469563e+02 7.059121940125755827e+02 7.708256090525297850e+02 1.111881932631503560e+03 1.207394705684105247e+03 1.332167041852544344e+03 1.365137260294625548e+03 1.357693646820926006e+03 1.310358008168296010e+03 1.352404302147169801e+03 1.501828226610377214e+03 1.594250033347226690e+03 1.681008537599885585e+03
4.171000000000000263e+00 6.139821780457471050e+02 7.069325099019110894e+02 7.726819789320486507e+02 1.113257021431146995e+03 1.209319830003606057e+03 1.333762144860130775e+03 1.367172391718097970e+03 1.360003796004327114e+03 1.312640655575704386e+03 1.356034536578228654e+03 1.504550902433671581e+03 1.596835200290556486e+03 1.683098672575343699e+03
5.266000000000000014e+00 6.155256453320602077e+02 7.079532342570308856e+02 7.745390919770777600e+02 1.114632660723761319e+03 1.211245725013265883e+03 1.335357886439563117e+03 1.369208337871166805e+03 1.362314870015918814e+03 1.314924216801443890e+03 1.359666224310730058e+03 1.507274668233047578e+03 1.599421402160671278e+03 1.685189644300117379e+03
6.649000000000000021e+00 6.170696433648232642e+02 7.089743096049008955e+02 7.763968436207766217e+02 1.116008773052427159e+03 1.213172282273398196e+03 1.336954176740815683e+03 1.371244984117592139e+03 1.364626738728077498e+03 1.317208563267029149e+03 1.363299160858407731e+03 1.509999370643805833e+03 1.602008493338563085e+03 1.687281335039689338e+03
8.395999999999999019e+00 6.186142606522556662e+02 7.099957944776948580e+02 7.782553403569920647e+02 1.117385437301475577e+03 1.215099612222066071e+03 1.338551107269711792e+03 1.373282447206183861e+03 1.366939534666478949e+03 1.319493825920449581e+03 1.366933554475895789e+03 1.512725165856921649e+03 1.604596622126774264e+03 1.689373864698243096e+03
1.060000000000000142e+01 6.201576177199673339e+02 7.110164459431513251e+02 7.801123207860568982e+02 1.118760978360042145e+03 1.217025369704059131e+03 1.340146734897648912e+03 1.375318247972862309e+03 1.369250443644870757e+03 1.321777224077670098e+03 1.370564982870511358e+03 1.515448737152883496e+03 1.607182639316879204e+03 1.691464687107264126e+03
1.338000000000000256e+01 6.217738494044820072e+02 7.121124863161268195e+02 7.820196455440379850e+02 1.120250779441636496e+03 1.219042038604440222e+03 1.341892298418319115e+03 1.377490113209019910e+03 1.371685742790421727e+03 1.324201039255515298e+03 1.374318520929907891e+03 1.518305409674113434e+03 1.609852964650935519e+03 1.693644223813739245e+03
1.690000000000000213e+01 6.262076887169522479e+02 7.161037927221701693e+02 7.859003187234745837e+02 1.126122850699994387e+03 1.224573699934777324e+03 1.349381316834775589e+03 1.384894029143471244e+03 1.378919453760862780e+03 1.332030467599992562e+03 1.382828769130426508e+03 1.526305042982600980e+03 1.615810138391298779e+03 1.699260987626081487e+03
2.134000000000000341e+01 6.291637125246315918e+02 7.187078916492880580e+02 7.916533578437173446e+02 1.131215857911316562e+03 1.229830223567824078e+03 1.356788059257556824e+03 1.392216604038721016e+03 1.386716790570572130e+03 1.340488432321259324e+03 1.393460633667499451e+03 1.533645148819885208e+03 1.623702611445915636e+03 1.706173693601049308e+03
2.693999999999999773e+01 6.331844322285521685e+02 7.210594492406320342e+02 7.962267875214511150e+02 1.136164910899903361e+03 1.234754235954143724e+03 1.363616322884617830e+03 1.399459022667655518e+03 1.395099759706610939e+03 1.348878409815092027e+03 1.402789084760851438e+03 1.540914360140535337e+03 1.630207610682941095e+03 1.713303685194775881e+03
3.401000000000000512e+01 6.367984489622698447e+02 7.242902184308164806e+02 8.011611577727940130e+02 1.142231852658984735e+03 1.239509008608082240e+03 1.370137386836112910e+03 1.406731852658984735e+03 1.403644658228718072e+03 1.357244658228717981e+03 1.411323551393292519e+03 1.549375803545312920e+03 1.637420784304728386e+03 1.720452959494410379e+03
4.293999999999999773e+01 6.398381768654063535e+02 7.281386309400584196e+02 8.067057892447384120e+02 1.148907351783582499e+03 1.244259644943461126e+03 1.376684420184796863e+03 1.414075247545282537e+03 1.412013781745889901e+03 1.365685342006071778e+03 1.420600944607893553e+03 1.558451394125221896e+03 1.645951394125221896e+03 1.727341299664432427e+03
5.422000000000000597e+01 6.445736849648590123e+02 7.311828584319448510e+02 8.105210316734402340e+02 1.153962042381647279e+03 1.249062858431944733e+03 1.383427348964484736e+03 1.421410818306201008e+03 1.420267859559896579e+03 1.374126532914187010e+03 1.431458778180457102e+03 1.565719083635342713e+03 1.653293471597619600e+03 1.733693471597619691e+03
6.846000000000000796e+01 6.493250500283382962e+02 7.359257540389829728e+02 8.144254510928055879e+02 1.159721272761622231e+03 1.253805754038982968e+03 1.390880470632687548e+03 1.428694550845581034e+03 1.429160788823093071e+03 1.382595989355326765e+03 1.441283347652178918e+03 1.573087510739134359e+03 1.661424149781113556e+03 1.741824149781113647e+03
8.643999999999999773e+01 6.518871562668830393e+02 7.384871562668830620e+02 8.191151617332945989e+02 1.164056149941073045e+03 1.260832577898645468e+03 1.398209700897466973e+03 1.436549561889217102e+03 1.436995315891574137e+03 1.391089422880967504e+03 1.452974342833825858e+03 1.582569144864467944e+03 1.670120791877431657e+03 1.749132577898645422e+03
1.091000000000000085e+02 6.559703432078547394e+02 7.425642106887677301e+02 8.238748732842030904e+02 1.169738064124442872e+03 1.266234210688767689e+03 1.405596616796634862e+03 1.444587218323601746e+03 1.445907096186664376e+03 1.399471193896214345e+03 1.464294925194952384e+03 1.590535291605764087e+03 1.677896616796634817e+03 1.756373966414893175e+03
1.378000000000000114e+02 6.594251027601711712e+02 7.460151027601710894e+02 8.286577434366316766e+02 1.175950446481874678e+03 1.271016102047491358e+03 1.413038894389109373e+03 1.452706066606301192e+03 1.454147101334811396e+03 1.407706066606301192e+03 1.475320652002217003e+03 1.598948617986386807e+03 1.686440411040684467e+03 1.763738894389109419e+03
1.740000000000000000e+02 6.626436843753018593e+02 7.492336843753018911e+02 8.334358318574787745e+02 1.182572446078904932e+03 1.275922122326526051e+03 1.420442077373462780e+03 1.460633183489789189e+03 1.462231663714957449e+03 1.415420602551694401e+03 1.486308669118357329e+03 1.607693920900673447e+03 1.695962032420399510e+03 1.771870926304073237e+03
2.197000000000000171e+02 6.673805934029926448e+02 7.535538187772917809e+02 8.382065050998112383e+02 1.189276390439799343e+03 1.281090209217090887e+03 1.427800573300059796e+03 1.468171014815967510e+03 1.471755275109166860e+03 1.422840495867121035e+03 1.497583873128504820e+03 1.615814392077351386e+03 1.705230131784152263e+03 1.780856235573921367e+03
2.774000000000000341e+02 6.721187925010581239e+02 7.559144873670752531e+02 8.429784280348734455e+02 1.192564464546997669e+03 1.286738951914072913e+03 1.435219817439379312e+03 1.475421639770302590e+03 1.481197949468300976e+03 1.432198860633762479e+03 1.509471525669914627e+03 1.625594304806454602e+03 1.712817995108456216e+03 1.788022550935764002e+03
3.502000000000000455e+02 6.761370902990513514e+02 7.606253424374059477e+02 8.491017360998113190e+02 1.201369357503166157e+03 1.292729756025950564e+03 1.442649556764558383e+03 1.482766039074052060e+03 1.490737499027217154e+03 1.441570463646204416e+03 1.521292476670888391e+03 1.632882521383545736e+03 1.722086945955698184e+03 1.798122122860761465e+03
4.421000000000000227e+02 6.800000349635546399e+02 7.634495810347914357e+02 8.549404050992761768e+02 1.207238372968652811e+03 1.297767004249396678e+03 1.449730900924560274e+03 1.492001850678607525e+03 1.500062639779537676e+03 1.450930481959351710e+03 1.532623009915259217e+03 1.642169692858421513e+03 1.731430481959351710e+03 1.807426955419909746e+03
5.583000000000000682e+02 6.839379994746152533e+02 7.672828221629940799e+02 8.600937335509654531e+02 1.212493543605501372e+03 1.304043669943930126e+03 1.456373163714573138e+03 1.500248226883787538e+03 1.508880125462787873e+03 1.460512024041787981e+03 1.543696201090717068e+03 1.651180125462787828e+03 1.740018733113144890e+03 1.816807467101931024e+03
7.049000000000000909e+02 6.882567045298375206e+02 7.709865191949278369e+02 8.658915544246747231e+02 1.218579557584783515e+03 1.312206076779711111e+03 1.462822927786051423e+03 1.508579399579349001e+03 1.518319336377175205e+03 1.470692659176812867e+03 1.554665981976450666e+03 1.659702801381703921e+03 1.748559431180435922e+03 1.825352880384421269e+03
8.900000000000000000e+02 6.929909476982297747e+02 7.739388426221188411e+02 8.724393680026735183e+02 1.225373553277648625e+03 1.321362974588707857e+03 1.469889279155363511e+03 1.517652466977615177e+03 1.528447177633144975e+03 1.481536598944204343e+03 1.565868157316406496e+03 1.668520837527565391e+03 1.757799786766456236e+03 1.833094532960909874e+03
1.124000000000000000e+03 6.977294316088947426e+02 7.786694316088947971e+02 8.772965799051610247e+02 1.231324710051424290e+03 1.329673634355170407e+03 1.478541257196284732e+03 1.525162602925263172e+03 1.537079150070123887e+03 1.492500495799102282e+03 1.577772200093498668e+03 1.678239822934613130e+03 1.767428791504705941e+03 1.842196414345820585e+03
1.419000000000000000e+03 7.024614033602487098e+02 7.834014033602487643e+02 8.833612638431708319e+02 1.237819573239557030e+03 1.338445917102778367e+03 1.485289167002136992e+03 1.533766187927724786e+03 1.545935781690305021e+03 1.503212802615892770e+03 1.589581042253739952e+03 1.688024292153098941e+03 1.777044562978045406e+03 1.849787812877404349e+03
1.791000000000000000e+03 7.071887102295887644e+02 7.870167556227469277e+02 8.892198172528973146e+02 1.246309551940770689e+03 1.345801076105437460e+03 1.491808033648455194e+03 1.542213030712279306e+03 1.554635421633647866e+03 1.512876724704875642e+03 1.601007591461577249e+03 1.697354333783507400e+03 1.786057812555016199e+03 1.857964770098033796e+03
2.262000000000000000e+03 7.119292513172516692e+02 7.906011730239183635e+02 8.955598378292108919e+02 1.253221499016793587e+03 1.355270359417811278e+03 1.498959609909414212e+03 1.551601303971500784e+03 1.564687623279388845e+03 1.523949838379643097e+03 1.613060261895164786e+03 1.707294463625444678e+03 1.794487297286513467e+03 1.866421825009668737e+03
2.856000000000000000e+03 7.166677356991339138e+02 7.947891316574999792e+02 9.015017832187722888e+02 1.259641616653571418e+03 1.365777526021205404e+03 1.507633364355848016e+03 1.560874101649642853e+03 1.574288061233303551e+03 1.534475243106830249e+03 1.626327394972499860e+03 1.716688061233303415e+03 1.803748465396696474e+03 1.875504303731339178e+03
3.605000000000000000e+03 7.214019863310745677e+02 7.995119863310745814e+02 9.074029600227777337e+02 1.266330034471012823e+03 1.376258900511981665e+03 1.516703115813450268e+03 1.570240824914712903e+03 1.583103894766812800e+03 1.544623138794125452e+03 1.640214685210513153e+03 1.726022749317444095e+03 1.813540045961350415e+03 1.884812737827106503e+03
4.552000000000000000e+03 7.261377389430734866e+02 8.039182832514449046e+02 9.141541531056457188e+02 1.273242786594755671e+03 1.386665550229664632e+03 1.524471755014965993e+03 1.580537266978219805e+03 1.592506928220477903e+03 1.556371069846200498e+03 1.653540731088458870e+03 1.736748306211291492e+03 1.822495203818640675e+03 1.893425542576382441e+03
5.748000000000000000e+03 7.308742677034338158e+02 8.062823261264909434e+02 9.190088840097582761e+02 1.282192377478858816e+03 1.397219313064691960e+03 1.534350077028551596e+03 1.588726986938200980e+03 1.602638540542104238e+03 1.567684703605349796e+03 1.666796257209253326e+03 1.746457768019516607e+03 1.832542386037586766e+03 1.901530832433683599e+03
7.257000000000000000e+03 7.356072169393298736e+02 8.109072169393298282e+02 9.260420597694707112e+02 1.287350727262396731e+03 1.405913121707872506e+03 1.544059892121620805e+03 1.597635204912102836e+03 1.613487183336426824e+03 1.578506662535369287e+03 1.680524890572384493e+03 1.756240412922678388e+03 1.842904058530081329e+03 1.911079371320563268e+03
9.163000000000000000e+03 7.403415584319786831e+02 8.140641988972712397e+02 9.313575231979821183e+02 1.294212248520750791e+03 1.417182403846220041e+03 1.552077160435759424e+03 1.607229782140989755e+03 1.623529782140989710e+03 1.589308725121092039e+03 1.694670113636441783e+03 1.767717491931211498e+03 1.851856103415861753e+03 1.920699958310972761e+03
1.157000000000000000e+04 7.450769431110751384e+02 8.191405264138919620e+02 9.375126093974503192e+02 1.301640302919333635e+03 1.427822665145500423e+03 1.559836232663833698e+03 1.616971986769583737e+03 1.633271986769583691e+03 1.600655705747583852e+03 1.708935354470083894e+03 1.778519951641833813e+03 1.861318594890000441e+03 1.930322665145500423e+03
1.461000000000000000e+04 7.498172400872102799e+02 8.251004883431277221e+02 9.437073677033341710e+02 1.309070767396343399e+03 1.437448494127081176e+03 1.568347217965842219e+03 1.626682252847494283e+03 1.643758703416993058e+03 1.612561255739471108e+03 1.723779121996816912e+03 1.788382252847494328e+03 1.871619840051624351e+03 1.939442113320886392e+03
1.844000000000000000e+04 7.545512302151598760e+02 8.298104149187411167e+02 9.489749567950540268e+02 1.316486243474760840e+03 1.447577645646486189e+03 1.577502549403137209e+03 1.636390957307639155e+03 1.655063059283764687e+03 1.624533441694235080e+03 1.739434716395803662e+03 1.798559620152454727e+03 1.882153186753921545e+03 1.947802549403137164e+03
2.329000000000000000e+04 7.592917292099845099e+02 8.345029923936742762e+02 9.561234780435595439e+02 1.323995584983390245e+03 1.459588005881252002e+03 1.585965268574837410e+03 1.646215795922425514e+03 1.665225901391943125e+03 1.635976428739531002e+03 1.755080009802086579e+03 1.810498111350769705e+03 1.892695584983390290e+03 1.956361270535254789e+03
2.940000000000000000e+04 7.640221537326834778e+02 8.392755775627430239e+02 9.632486272800668985e+02 1.333861176233938977e+03 1.469200633253581373e+03 1.594819004312509151e+03 1.656755957514891861e+03 1.676103348155368394e+03 1.648540301357751105e+03 1.771101055422635454e+03 1.820448023894057997e+03 1.902561176233938795e+03 1.968419215397036169e+03
3.712000000000000000e+04 7.690125862139451556e+02 8.440161488543102450e+02 9.703862779514197427e+02 1.339958886393508919e+03 1.480743796585699556e+03 1.602397236191176262e+03 1.667375307587220732e+03 1.686989005386916460e+03 1.661683518184076775e+03 1.786493100581642693e+03 1.831473935786510765e+03 1.913502703186612280e+03 1.978349283788539196e+03
4.687000000000000000e+04 7.736510299768599452e+02 8.487457653086505616e+02 9.775214672960888720e+02 1.346418009296749915e+03 1.491254085282204869e+03 1.611409723948430610e+03 1.677899194612012025e+03 1.697877387943141457e+03 1.674823993265015133e+03 1.803495397239891645e+03 1.842366110610689702e+03 1.924254833278237811e+03 1.987942807949752932e+03
5.918000000000000000e+04 7.786185431952640101e+02 8.534761649962717911e+02 9.846572648606878602e+02 1.354063820581655818e+03 1.501685094108874637e+03 1.621284515232866170e+03 1.688004438049398459e+03 1.708805016925406790e+03 1.687946020310488166e+03 1.820387216654239182e+03 1.853765557209681447e+03 1.934364399457664376e+03 1.994121080568549132e+03
7.472000000000000000e+04 7.843870327856394624e+02 8.582076590859652470e+02 9.917936998707866678e+02 1.362588783269862688e+03 1.512652810459743478e+03 1.631157430590320018e+03 1.698221457780201263e+03 1.719750500394455457e+03 1.701280864839505739e+03 1.836631031637657543e+03 1.865916837649624767e+03 1.944008585622964119e+03 1.996483829542982448e+03
9.434000000000000000e+04 7.905037862088275915e+02 8.629337862088276552e+02 9.989211194079016423e+02 1.371374566602082496e+03 1.523191434757480010e+03 1.641029821505041582e+03 1.709609038543890847e+03 1.730679453689534739e+03 1.714902680194411460e+03 1.853933972961480322e+03 1.878058670728384186e+03 1.953958670728384277e+03 1.999629821505041491e+03
1.191000000000000000e+05 7.952350439780880151e+02 8.676650439780879651e+02 1.006022222869073289e+03 1.378796147416608846e+03 1.533649116814312265e+03 1.650897150542536565e+03 1.720235392891962420e+03 1.741980497202563356e+03 1.727384429746114620e+03 1.870548193648544611e+03 1.890118739551988938e+03 1.966018739551989029e+03 2.009497150542536474e+03
1.504000000000000000e+05 8.021540443556126547e+02 8.723956827068208213e+02 1.014748155075288992e+03 1.386694538829306339e+03 1.548623468797167561e+03 1.660779372798179338e+03 1.730800184613439114e+03 1.753841808243959576e+03 1.742678671750982630e+03 1.888196310150578029e+03 1.900877786090346717e+03 1.976855387567254411e+03 2.018836162459826483e+03
1.899000000000000000e+05 8.075179005037152820e+02 8.771279005037152956e+02 1.022803508847447574e+03 1.395681407413768284e+03 1.562185183191950728e+03 1.671211327334547832e+03 1.741845289964244785e+03 1.765679252593942010e+03 1.759136937615674697e+03 1.905980873552298135e+03 1.913247177853336098e+03 1.987759305980089039e+03 2.028367391397924166e+03
2.397000000000000000e+05 8.127781677296550242e+02 8.818560090182492104e+02 1.030233346997347326e+03 1.404527467055702800e+03 1.575866693994694515e+03 1.682385904536869702e+03 1.753656101901325883e+03 1.777015707172413386e+03 1.775723560758620351e+03 1.922699638064721057e+03 1.926226299265782018e+03 1.999317277889654861e+03 2.037975312443501025e+03
3.027000000000000000e+05 8.186440424976683516e+02 8.865908580449715828e+02 1.037842231186646131e+03 1.412235450203889968e+03 1.590070385311076734e+03 1.693856308248861524e+03 1.765894333936266548e+03 1.787964119425023682e+03 1.790502145112428934e+03 1.939990728259345360e+03 1.938955793152158321e+03 2.011394333936266548e+03 2.047603175305834839e+03
3.822000000000000000e+05 8.247981717809133215e+02 8.913188421773916161e+02 1.046182825907029837e+03 1.419542668341316585e+03 1.604193296035217600e+03 1.705042668341316585e+03 1.777872930094521280e+03 1.798942668341316676e+03 1.802817641652205793e+03 1.959967588273984120e+03 1.951193977107340061e+03 2.023418322724328391e+03 2.057224919932667490e+03
4.826000000000000000e+05 8.310362163973404677e+02 8.960543537197672777e+02 1.054455199011357990e+03 1.430938284352381061e+03 1.619218626775731991e+03 1.716438284352381061e+03 1.789437370046490287e+03 1.810338284352381152e+03 1.817420912540458630e+03 1.980986168916613906e+03 1.963433712822927873e+03 2.035235998587654421e+03 2.066847884564233027e+03
6.093000000000000000e+05 8.366419578271252249e+02 9.007792415409489877e+02 1.061632777338940514e+03 1.436874051926186212e+03 1.632474659320160526e+03 1.728415933907406497e+03 1.802255084182575956e+03 1.822148103852372515e+03 1.835289985833592709e+03 2.002582247044338374e+03 1.977933384732914874e+03 2.045789378439618304e+03 2.076466313136932058e+03
7.693000000000000000e+05 8.434612364233209973e+02 9.055118807998611601e+02 1.070650100705605155e+03 1.445991623058534060e+03 1.645723801881964391e+03 1.741423801881964437e+03 1.814535843764349465e+03 1.834030930352592122e+03 1.851268022587779797e+03 2.022273419293553388e+03 1.990604148234935337e+03 2.058250583999621085e+03 2.086086709646776399e+03
9.713000000000000000e+05 8.505655455313054745e+02 9.117202776625034630e+02 1.079994655682228085e+03 1.454335724545782568e+03 1.659760734339483861e+03 1.753564301570754651e+03 1.826685731074916703e+03 1.845875016322835791e+03 1.868267881860293983e+03 2.042195563812881574e+03 2.003786626147301604e+03 2.071265196643139461e+03 2.095705370434308861e+03
1.226000000000000000e+06 8.576577733777422736e+02 9.179911052249706245e+02 1.087897591635852450e+03 1.462823537279379934e+03 1.673775576302747140e+03 1.765986436232987671e+03 1.839929875953949704e+03 1.857895183271704809e+03 1.885099409054751277e+03 2.062542701039401436e+03 2.017227763062426448e+03 2.085288549124510610e+03 2.105312677349139449e+03
1.548000000000000000e+06 8.645702876121648615e+02 9.235679504311680148e+02 1.094614303363452564e+03 1.472463799560868210e+03 1.687110272942778920e+03 1.779723838939087500e+03 1.854231629542410019e+03 1.870004497549793086e+03 1.901142172723213207e+03 2.083011010309923222e+03 2.030694691736134018e+03 2.099967559743517086e+03 2.114934652357914729e+03
1.955000000000000000e+06 8.710432534350998139e+02 9.301095541393638086e+02 1.103001667782960112e+03 1.481547703652610608e+03 1.700304726783195292e+03 1.793827396913701932e+03 1.867568982565841679e+03 1.881681361044051300e+03 1.918598189739771669e+03 2.103759663087867011e+03 2.045252153870121219e+03 2.113057299696269638e+03 2.124729483739614807e+03
2.468000000000000000e+06 8.788864702057270506e+02 9.358781135706637997e+02 1.111688241195590308e+03 1.492342668670248031e+03 1.714810461025645736e+03 1.810104180104358420e+03 1.883002409114495322e+03 1.895849752629700561e+03 1.934453294609426848e+03 2.126277285429345739e+03 2.058998867134768716e+03 2.128322054916522575e+03 2.136705148056056260e+03
3.117000000000000000e+06 8.858854354142322336e+02 9.419036898061405054e+02 1.120241459838496439e+03 1.501962806949619790e+03 1.728521534990078408e+03 1.825514893373939003e+03 1.898464229212325108e+03 1.909969542505236632e+03 1.952129598868923040e+03 2.153017737899349868e+03 2.074264229212325063e+03 2.140852180363796833e+03 2.146612142788005713e+03
3.935000000000000000e+06 8.930719404816031783e+02 9.470303785831559935e+02 1.130471109016225910e+03 1.511054904274768887e+03 1.741628305226789053e+03 1.840485501437352013e+03 1.914842697647914974e+03 1.923464339350365208e+03 1.966646322288577039e+03 2.178902559268213281e+03 2.089698561153610171e+03 2.154590458782881797e+03 2.157938219917848528e+03
4.968000000000000000e+06 9.002821204241578243e+02 9.521059585171747131e+02 1.140180809534916307e+03 1.521212163145334443e+03 1.755794132033215419e+03 1.856071249903354783e+03 1.931457998607016634e+03 1.936753147589274931e+03 1.982195362588141052e+03 2.204125556845594474e+03 2.106395362588140870e+03 2.170448367773494283e+03 2.169221793978857022e+03
6.273000000000000000e+06 9.071812183491485939e+02 9.577667445240233519e+02 1.149456661651773629e+03 1.532051011041074162e+03 1.770351322130635481e+03 1.872362778896814689e+03 1.948390720860749752e+03 1.950840487543578774e+03 2.000868740597075202e+03 2.229280352908035184e+03 2.124262934441595462e+03 2.188279730728912455e+03 2.180551322130635526e+03
7.920000000000000000e+06 9.131671004153214426e+02 9.634479068392083718e+02 1.159405285162197288e+03 1.541230473917989912e+03 1.782722409679119664e+03 1.887697975946497763e+03 1.965035004057016067e+03 1.965182361475917560e+03 2.019535004057016067e+03 2.252260947835980005e+03 2.140835004057015794e+03 2.205746088388570115e+03 2.192569767098021202e+03
1.000000000000000000e+07 9.162699999999999818e+02 9.661399999999999864e+02 1.164299999999999955e+03 1.546299999999999955e+03 1.791900000000000091e+03 1.897400000000000091e+03 1.974299999999999955e+03 1.972000000000000000e+03 2.028799999999999955e+03 2.262400000000000091e+03 2.150099999999999909e+03 2.213699999999999818e+03 2.199300000000000182e+03
