1.000000000000000056e-01 6.150000000000000000e+02 7.270000000000000000e+02 8.210000000000000000e+02 1.162000000000000000e+03 1.375000000000000000e+03 1.430000000000000000e+03 1.510000000000000000e+03 1.291000000000000000e+03 1.300000000000000000e+03 1.356000000000000000e+03 1.662000000000000000e+03 1.714000000000000000e+03 1.914000000000000000e+03
1.262999999999999956e-01 6.186514806056142106e+02 7.306514806056142106e+02 8.258686408074856899e+02 1.168998671160760523e+03 1.381694381110292852e+03 1.437607251261696319e+03 1.518824411463567685e+03 1.297998671160760523e+03 1.307911541312164218e+03 1.365128701514035583e+03 1.671432991564503482e+03 1.723432991564503482e+03 1.923432991564503482e+03
1.594000000000000139e-01 6.222914963712659073e+02 7.342914963712659073e+02 8.307219951616879143e+02 1.175975368044926427e+03 1.388367743347320811e+03 1.445190617440137203e+03 1.527621116230559210e+03 1.304975368044926427e+03 1.315798242137742818e+03 1.374228740928164825e+03 1.680836365625770213e+03 1.732836365625770213e+03 1.932836365625770213e+03
2.013000000000000067e-01 6.259412523853159200e+02 7.379412523853159200e+02 8.355883365137545979e+02 1.182970733738522313e+03 1.395058962706412558e+03 1.452794275802741595e+03 1.536441359931180159e+03 1.311970733738522313e+03 1.323706046834851122e+03 1.383353130963289914e+03 1.690264901995399441e+03 1.742264901995399441e+03 1.942264901995399441e+03
2.540999999999999925e-01 6.295823458481189618e+02 7.413671503607756677e+02 8.406583232848352054e+02 1.190379887183581104e+03 1.401734300721551335e+03 1.460379887183581104e+03 1.545240669132954054e+03 1.318949496208894743e+03 1.331810278158267693e+03 1.392886255594983822e+03 1.699886255594983822e+03 1.751886255594983822e+03 1.951671060107640642e+03
3.209000000000000186e-01 6.332301077315695466e+02 7.447109320872721128e+02 8.458259859530569429e+02 1.197979391107436641e+03 1.408421864174544226e+03 1.467979391107436641e+03 1.554056093684626376e+03 1.325941039818841773e+03 1.340017742396031508e+03 1.402613620617518791e+03 1.709613620617518791e+03 1.761613620617518791e+03 1.961094444973221471e+03
4.051000000000000156e-01 6.368716610293455460e+02 7.480490226102334645e+02 8.509848531249061807e+02 1.205565960477803173e+03 1.415098045220466929e+03 1.475565960477803173e+03 1.562856514154251727e+03 1.332920683639579011e+03 1.348211237316027564e+03 1.412324429411588198e+03 1.719324429411588198e+03 1.771324429411588198e+03 1.970501790992476117e+03
5.115000000000000657e-01 6.405172331708096181e+02 7.516436692683770389e+02 8.562758497562143702e+02 1.213160902439186657e+03 1.421908030244051815e+03 1.483413774634321499e+03 1.571919519024591409e+03 1.340034466341619236e+03 1.356540210731889147e+03 1.422172391219726478e+03 1.729172391219726478e+03 1.780160902439186657e+03 1.980045955122159057e+03
6.458000000000000407e-01 6.441627403876044582e+02 7.555929687532382104e+02 8.617441105814066304e+02 1.220755709140842555e+03 1.428895252409575278e+03 1.491616165872110059e+03 1.581337079334644841e+03 1.347325480775208916e+03 1.365046394237743698e+03 1.432197536065912345e+03 1.739197536065912345e+03 1.787755709140842555e+03 1.989767307700278479e+03
8.154000000000000137e-01 6.478089771854721448e+02 7.595430586175948520e+02 8.672134657782082741e+02 1.228352035803067110e+03 1.435883872938821696e+03 1.499820198667312525e+03 1.590756524395803126e+03 1.354617954370944290e+03 1.373554280099435118e+03 1.442224687260048540e+03 1.749224687260048540e+03 1.795352035803067110e+03 1.999490605827925719e+03
1.030000000000000027e+00 6.515007834210225610e+02 7.634622616194054672e+02 8.726933924291082576e+02 1.236001566842045122e+03 1.442886001437193727e+03 1.508040088643662330e+03 1.600232697651747912e+03 1.361963045040428142e+03 1.382117132246896517e+03 1.452309741254982100e+03 1.759348263056599308e+03 1.803309741254982100e+03 2.009309741254982100e+03
1.300000000000000044e+00 6.554449593336175894e+02 7.671030393848777749e+02 8.781545590773165486e+02 1.243889918667235179e+03 1.449864158821015735e+03 1.516231838615974993e+03 1.609941438359673839e+03 1.369547998718495364e+03 1.390915678513454623e+03 1.462625278257153468e+03 1.769967198205893283e+03 1.813625278257153468e+03 2.019625278257153468e+03
1.641000000000000014e+00 6.593914407969880358e+02 7.707459453510658705e+02 8.836189180265988625e+02 1.251782881593976072e+03 1.456846395256209689e+03 1.524428377039898351e+03 1.619655854269509064e+03 1.377137386148054020e+03 1.399719367931742454e+03 1.472946845161353394e+03 1.780592340607275446e+03 1.823946845161353394e+03 2.029946845161353394e+03
2.072000000000000064e+00 6.633424451591226898e+02 7.743930263007287067e+02 8.890895394510929464e+02 1.259684890318245380e+03 1.463836633743063203e+03 1.532634309176639363e+03 1.629381403468609733e+03 1.384735471459851397e+03 1.408533146893427556e+03 1.483280241185397927e+03 1.791229660043791910e+03 1.834280241185397927e+03 2.040280241185397927e+03
2.617000000000000437e+00 6.672965158136829587e+02 7.782965158136829587e+02 8.948179846507673574e+02 1.267593031627365917e+03 1.471339453487851642e+03 1.541100187906394012e+03 1.639621656743478297e+03 1.392593031627365917e+03 1.417860922324936155e+03 1.494128813022506620e+03 1.802128813022506620e+03 1.844875234882992345e+03 2.050621656743478525e+03
3.304000000000000270e+00 6.712432390473297801e+02 7.822432390473297801e+02 9.005862724537896611e+02 1.275486478094659560e+03 1.478929305860249542e+03 1.549600822563479369e+03 1.649943855969939250e+03 1.400486478094659560e+03 1.427272339266709423e+03 1.505058200438759286e+03 1.813058200438759286e+03 1.855501028204349268e+03 2.060943855969939250e+03
4.171000000000000263e+00 6.751885523867276788e+02 7.861885523867276788e+02 9.063524996421404012e+02 1.283377104773455358e+03 1.486516446897553124e+03 1.558098420525259598e+03 1.660262367780672321e+03 1.408377104773455358e+03 1.436680394152966073e+03 1.515983683532476562e+03 1.823983683532476562e+03 1.866123025656574555e+03 2.071262367780672321e+03
5.266000000000000014e+00 6.793008457201367492e+02 7.901364995972699035e+02 9.124512685802052374e+02 1.291601691440273498e+03 1.494108653071672734e+03 1.566930383686007417e+03 1.670587768177475027e+03 1.416437345317406653e+03 1.446259075931741336e+03 1.527409498791809710e+03 1.835245152668942637e+03 1.877080806546075792e+03 2.081752114300341873e+03
6.649000000000000021e+00 6.835549067579595430e+02 7.940866991323910042e+02 9.188323601369393145e+02 1.300109813515919086e+03 1.501705190639213470e+03 1.576046228767056164e+03 1.680919059269330319e+03 1.424641605890350547e+03 1.455982644018193241e+03 1.539260097397173013e+03 1.846791889771604474e+03 1.888323682146035935e+03 2.092387266894898858e+03
8.395999999999999019e+00 6.878106739813508739e+02 7.980384829826829218e+02 9.252160109720263108e+02 1.308621347962701748e+03 1.509304774966698005e+03 1.585165729960037652e+03 1.691254493954709233e+03 1.432849156964033909e+03 1.465710111957373556e+03 1.551115448948048879e+03 1.858343257949381041e+03 1.899571066950712975e+03 2.103026684953377298e+03
1.060000000000000142e+01 6.920631258402144113e+02 8.020631258402144113e+02 9.315946887603216737e+02 1.317126251680428823e+03 1.516974376560398241e+03 1.594354064360474922e+03 1.701809689720566666e+03 1.441126251680428823e+03 1.475505939480505504e+03 1.563037502400612766e+03 1.869961564840597248e+03 1.910885627280581957e+03 2.113809689720566894e+03
1.338000000000000256e+01 6.963125534509819090e+02 8.063125534509819090e+02 9.379688301764729204e+02 1.325625106901963818e+03 1.524866170694680704e+03 1.603763511212888488e+03 1.713040319834738057e+03 1.449625106901963818e+03 1.485522447420171602e+03 1.575178724145662727e+03 1.881799256042021170e+03 1.922419787938379613e+03 2.125040319834738057e+03
1.690000000000000213e+01 7.005737585647146943e+02 8.105737585647146943e+02 9.443606378470720983e+02 1.334147517129429389e+03 1.532779837334470130e+03 1.613199036821868276e+03 1.724302076206746051e+03 1.458147517129429389e+03 1.495566716616827534e+03 1.587353595899184938e+03 1.893669756001705309e+03 1.933985916104225680e+03 2.136302076206745824e+03
2.134000000000000341e+01 7.048298013315525168e+02 8.148298013315525168e+02 9.507447019973288889e+02 1.342659602663105034e+03 1.540683916758597661e+03 1.622623131519866320e+03 1.735550189233388892e+03 1.466659602663105034e+03 1.505598817424373919e+03 1.599513718090150178e+03 1.905525875137896492e+03 1.945538032185642578e+03 2.147550189233389119e+03
2.693999999999999773e+01 7.093701818691814651e+02 8.190788364112360114e+02 9.574096000747994140e+02 1.351449018280417476e+03 1.548866327364526569e+03 1.632031709196308384e+03 1.747071127401926333e+03 1.475740363738362930e+03 1.516197091028089972e+03 1.612236509233708148e+03 1.917945163775762694e+03 1.957653818317817240e+03 2.159071127401926333e+03
3.401000000000000512e+01 7.139228663609605974e+02 8.233280086035631484e+02 9.640868706627421716e+02 1.360250874964523746e+03 1.557061159449729075e+03 1.641440590479318416e+03 1.758604594781100104e+03 1.484845732721921195e+03 1.526820021508907985e+03 1.624984025810689673e+03 1.930389168053292224e+03 1.969794310295894775e+03 2.170604594781099877e+03
4.293999999999999773e+01 7.184776366066538458e+02 8.275791274995436879e+02 9.707672003564257466e+02 1.369056764106197534e+03 1.565259745891976991e+03 1.650853782320418077e+03 1.770143346070189864e+03 1.493955273213307692e+03 1.537447818748859163e+03 1.637737382498630950e+03 1.942838873391520565e+03 1.981940364284410407e+03 2.182143346070190091e+03
5.422000000000000597e+01 7.232381838154617526e+02 8.320357973269954073e+02 9.776548892347262836e+02 1.377869208165524469e+03 1.573869208165524469e+03 1.660678754119389851e+03 1.781893073050188150e+03 1.503071594653990815e+03 1.548488300073255459e+03 1.650905005492519876e+03 1.955702619004053531e+03 1.994297846027120841e+03 2.194095459538654268e+03
6.846000000000000796e+01 7.281000592312833533e+02 8.365938055293281650e+02 9.846438351449698985e+02 1.386681357356701028e+03 1.582681357356701028e+03 1.670706372164522008e+03 1.793743894376253138e+03 1.512187611058656330e+03 1.559731386972342762e+03 1.664275162886029193e+03 1.968768909184074118e+03 2.006756401780163742e+03 2.206250148078208440e+03
8.643999999999999773e+01 7.329619577786683067e+02 8.411518354175015020e+02 9.916328143068357122e+02 1.395493548473836427e+03 1.591493548473836427e+03 1.680734037918503418e+03 1.805594772085504019e+03 1.521303670835003004e+03 1.570974527363170409e+03 1.677645383891337815e+03 1.981835261530171010e+03 2.019215016807837628e+03 2.218404894446670824e+03
1.091000000000000085e+02 7.379295695698542659e+02 8.458160654775098237e+02 9.988376023086091209e+02 1.404518626862675319e+03 1.600291618677986662e+03 1.690972643232052860e+03 1.817767171878463387e+03 1.530632130955019647e+03 1.582426659601430401e+03 1.691448196432529585e+03 1.994994180063152044e+03 2.031880675970807715e+03 2.230767171878463614e+03
1.378000000000000114e+02 7.431035776488371312e+02 8.506857201400820259e+02 1.006446437718878201e+03 1.413953582771408946e+03 1.609117867753898736e+03 1.701625012806429368e+03 1.830550015367715332e+03 1.540371440280164052e+03 1.594296442841450016e+03 1.706057160420246191e+03 2.008385730385225543e+03 2.044967872876470437e+03 2.243550015367715332e+03
1.740000000000000000e+02 7.482712378090466245e+02 8.555494002908674247e+02 1.014045937954480337e+03 1.423376963063555650e+03 1.617933288027197250e+03 1.712264313136272449e+03 1.843317175763526848e+03 1.550098800581734849e+03 1.606151663208989248e+03 1.720648200872602274e+03 2.021760850799885247e+03 2.058039013281706048e+03 2.256317175763526848e+03
2.197000000000000171e+02 7.534376366929036521e+02 8.604118933580269868e+02 1.021643583371917089e+03 1.432798043381177195e+03 1.626772300046300643e+03 1.722926760055560635e+03 1.856132706734574185e+03 1.559849530050930525e+03 1.618055476729944075e+03 1.735287166743834177e+03 2.035184193404327516e+03 2.071158450069450737e+03 2.269003990060190517e+03
2.774000000000000341e+02 7.586007798072771493e+02 8.652713221715549707e+02 1.029236440893054578e+03 1.442213186707387649e+03 1.635883729071665584e+03 1.733860474885998656e+03 1.869496135971776084e+03 1.569872101978832006e+03 1.630507763064609435e+03 1.750472881786109156e+03 2.049155051243220441e+03 2.084825593607498377e+03 2.280848847793165078e+03
3.502000000000000455e+02 7.637605217532152437e+02 8.701275498853791532e+02 1.036824296695904877e+03 1.451622127902922102e+03 1.644989156035085898e+03 1.744786987242102896e+03 1.882850762184792529e+03 1.579888071638594283e+03 1.642951846581283917e+03 1.765648593391809754e+03 2.063116705920464938e+03 2.098483734052628733e+03 2.292685902845611508e+03
4.421000000000000227e+02 7.689199928971635245e+02 8.749835227267421942e+02 1.044411754260534508e+03 1.461030575283062944e+03 1.654094105112641500e+03 1.755712926135169710e+03 1.896204687498540807e+03 1.589903515623905605e+03 1.655395276987276702e+03 1.780823508521069243e+03 2.077077627839383695e+03 2.112141157668962478e+03 2.304522336646433814e+03
5.583000000000000682e+02 7.743292741878813104e+02 8.798482437225611648e+02 1.052493911281821966e+03 1.470696487445122330e+03 1.663455972212462257e+03 1.767139578841082766e+03 1.909823185469703276e+03 1.600418033143102548e+03 1.668342155004383130e+03 1.796987822563644158e+03 2.091785246400343567e+03 2.126063700702363349e+03 2.317342155004383130e+03
7.049000000000000909e+02 7.797979389842572573e+02 8.847092790971175873e+02 1.060696908476385943e+03 1.480418558194235175e+03 1.672874228250665283e+03 1.778684537855654298e+03 1.923494847460643314e+03 1.611051548024944623e+03 1.681406187573503530e+03 1.813393816952771886e+03 2.106672167234922654e+03 2.140039177404213206e+03 2.330406187573503303e+03
8.900000000000000000e+02 7.852667449183396684e+02 8.895704399274130765e+02 1.068900117377509559e+03 1.490140879854826153e+03 1.682292727359362743e+03 1.790229794827605929e+03 1.937166862295849114e+03 1.621685337341216155e+03 1.694470557304922522e+03 1.829800234755019119e+03 2.121559472277702298e+03 2.154015014791312751e+03 2.343470557304922750e+03
1.124000000000000000e+03 7.908944406977564086e+02 8.945897627295715893e+02 1.077417830538680846e+03 1.500027186475050712e+03 1.692027186475050712e+03 1.801941220379605284e+03 1.951312271236437482e+03 1.632484203427328112e+03 1.707855254284160083e+03 1.846683322093269453e+03 2.136769288188714654e+03 2.168312271236437482e+03 2.356702915300067616e+03
1.419000000000000000e+03 7.966652746687710760e+02 8.997531404931110046e+02 1.086225945547071660e+03 1.510050213898391803e+03 1.702050213898391803e+03 1.813786616425372131e+03 1.965891220215842623e+03 1.643418415161881967e+03 1.721523018952352459e+03 1.863995824006313342e+03 2.152259421479333014e+03 2.182891220215842623e+03 2.370066951864522707e+03
1.791000000000000000e+03 8.024302421489931021e+02 9.049112692912043485e+02 1.095025106437936984e+03 1.520063052153514491e+03 1.712063052153514491e+03 1.825619970726880638e+03 1.980455348586930086e+03 1.654341511440197564e+03 1.735176889300247012e+03 1.881290726446979534e+03 2.167733807873613387e+03 2.197455348586930086e+03 2.383417402871352351e+03
2.262000000000000000e+03 8.082743320032301426e+02 9.101468988029071170e+02 1.103911498004845271e+03 1.530230081005652664e+03 1.722166364405491322e+03 1.837612380606621855e+03 1.995249546608236869e+03 1.665421230806137373e+03 1.749058396807752388e+03 1.898886712609851884e+03 2.183440696408721578e+03 2.200971708379649954e+03 2.396930963607429476e+03
2.856000000000000000e+03 8.143479704270087041e+02 9.156131733843078564e+02 1.113021955640513170e+03 1.540858948247265289e+03 1.732491549725914865e+03 1.850063339375367832e+03 2.010737324588872298e+03 1.676961143811316560e+03 1.763635129024820799e+03 1.917411309802376536e+03 2.199839520152923342e+03 2.162707786309845233e+03 2.410900331982119951e+03
3.605000000000000000e+03 8.204144993465909010e+02 9.210730494119318337e+02 1.122121749019886238e+03 1.551475373856534134e+03 1.742804648889204600e+03 1.862499723660511336e+03 2.026206973333806673e+03 1.688487548758522735e+03 1.778194798431818072e+03 1.935914223007102237e+03 2.216219148235795274e+03 2.124488654116477392e+03 2.424853348497159004e+03
4.552000000000000000e+03 8.264900199673247698e+02 9.265410179705922928e+02 1.131235029950987155e+03 1.562107534942818347e+03 1.753133033944452109e+03 1.874954540933015778e+03 2.041699550916678163e+03 1.700031037937917063e+03 1.792776047921579448e+03 1.954444560900340321e+03 2.232623053911776879e+03 2.086212874205854405e+03 2.438827045924846971e+03
5.748000000000000000e+03 8.328478071563959020e+02 9.322908731415011516e+02 1.140910944238317597e+03 1.572746345260659837e+03 1.763746345260659837e+03 1.887974081320239293e+03 2.057758751394713727e+03 1.712138680297897054e+03 1.808201817379818749e+03 1.974100355484082684e+03 2.249594152417055739e+03 2.096644883364923771e+03 2.453366416357476282e+03
7.257000000000000000e+03 8.392266862403870391e+02 9.380622399317787767e+02 1.150631140937732653e+03 1.583377810400645103e+03 1.774377810400645103e+03 1.901035595635078380e+03 2.073857827178119805e+03 1.724288926172165930e+03 1.823693380869511429e+03 1.993844505029769607e+03 2.266604496641032256e+03 2.111528934560903053e+03 2.467946711406599206e+03
9.163000000000000000e+03 8.456080982081334696e+02 9.438358983787874195e+02 1.160355197269536575e+03 1.594013497013555707e+03 1.785013497013555707e+03 1.914102296330939907e+03 2.089963295477670272e+03 1.736443996586920775e+03 1.839191095648324108e+03 2.013596494453746345e+03 2.283621595221688949e+03 2.126418895818977944e+03 2.482532795904305203e+03
1.157000000000000000e+04 8.521811009152664838e+02 9.498010008320604811e+02 1.170461701414502841e+03 1.605221901580914846e+03 1.796031851539311901e+03 1.927742301913739084e+03 2.106642802329769438e+03 1.748792051705723907e+03 1.855452752288166266e+03 2.034303502912211570e+03 2.300832852371372155e+03 2.142262702246563094e+03 2.497502502080151316e+03
1.461000000000000000e+04 8.588697719485585367e+02 9.558816108623259424e+02 1.180798738465954102e+03 1.616775060638419291e+03 1.807280980095302994e+03 1.941727704983349668e+03 2.123668510414512639e+03 1.761257302267768182e+03 1.872174429871396342e+03 2.055585638018140799e+03 2.318162590957629163e+03 2.158680349328280045e+03 2.512704027155814856e+03
1.844000000000000000e+04 8.655448330946194346e+02 9.619498482678358187e+02 1.191114742055320903e+03 1.628304711708888135e+03 1.818507219295496270e+03 1.955684651016022372e+03 2.140659575149940338e+03 1.773697188949063502e+03 1.888862082736548700e+03 2.076824468937425536e+03 2.335457067563332203e+03 2.175064590323156608e+03 2.527874620669589603e+03
2.329000000000000000e+04 8.723398562860375023e+02 9.681363905220341621e+02 1.201662383752058759e+03 1.639967582398063541e+03 1.829967582398063541e+03 1.969781445454076675e+03 2.158002240038096261e+03 1.786476246808071664e+03 1.905798774274092921e+03 2.098528233268120402e+03 2.353103972920097931e+03 2.192103972920097931e+03 2.543290109864084570e+03
2.940000000000000000e+04 8.793184872794071225e+02 9.745081840377195022e+02 1.212585458350376257e+03 1.651800913212907744e+03 1.841800913212907744e+03 1.984042126179657998e+03 2.175903945629783266e+03 1.799826671317126738e+03 1.923093642388095986e+03 2.120981219942440475e+03 2.371309097250627474e+03 2.210309097250627474e+03 2.559067884283876992e+03
3.712000000000000000e+04 8.863028289850948340e+02 9.808851916820431143e+02 1.223517471454931183e+03 1.663643927409508706e+03 1.853643927409508706e+03 1.998314476621715585e+03 2.193820300440026131e+03 1.813188020667138062e+03 1.940402663136974297e+03 2.143452580212913745e+03 2.389529119091551820e+03 2.228529119091551820e+03 2.574858569879344941e+03
4.687000000000000000e+04 8.933142725747056829e+02 9.872765598657409782e+02 1.234477694313552547e+03 1.675502836119529093e+03 1.865502836119529093e+03 2.012641116052399639e+03 2.211791966888258230e+03 1.826578261537458502e+03 1.957779395985270185e+03 2.166018243142046231e+03 2.407791966888258230e+03 2.246791966888258230e+03 2.590666257858375957e+03
5.918000000000000000e+04 9.009111498656830008e+02 9.939618118818010544e+02 1.246024947795838216e+03 1.687657839785092847e+03 1.877657839785092847e+03 2.028138745725993203e+03 2.230936097661521217e+03 1.840556515752856740e+03 1.976619651666893787e+03 2.190632125564812668e+03 2.426936097661521217e+03 2.265936097661521217e+03 2.606771637715247834e+03
7.472000000000000000e+04 9.085066691319092342e+02 1.000645868836080126e+03 1.257570137080502036e+03 1.699810670611054775e+03 1.889810670611054775e+03 2.043633605029094724e+03 2.250076806212411157e+03 1.854532271202712991e+03 1.995456539447134901e+03 2.215241607987386033e+03 2.446076806212411157e+03 2.285076806212411157e+03 2.622874138559647690e+03
9.434000000000000000e+04 9.161019713448524726e+02 1.007329734783470144e+03 1.269114996444175631e+03 1.711963154151764002e+03 1.901963154151764002e+03 2.059128021543499017e+03 2.269216967789028331e+03 1.868507627274528431e+03 2.014292888935234032e+03 2.239850387157322075e+03 2.465216967789028331e+03 2.304216967789028331e+03 2.638976179251087160e+03
1.191000000000000000e+05 9.236948793127141926e+02 1.014467084140205543e+03 1.281339602072851221e+03 1.724795192417868293e+03 1.914567397245359643e+03 2.074845348970445229e+03 2.289262276558074063e+03 1.882934168280411086e+03 2.034034481385565414e+03 2.265818180008245236e+03 2.484806686213056764e+03 2.324034481385565414e+03 2.655528734487971178e+03
1.504000000000000000e+05 9.312970835638492417e+02 1.021765200221295345e+03 1.293807217044712843e+03 1.737870983729820864e+03 1.927339100387266853e+03 2.090657933812806732e+03 2.309636183951115981e+03 1.897530400442590690e+03 2.054104300608561971e+03 2.292273850802195739e+03 2.504572417266007960e+03 2.344104300608561971e+03 2.672253583840468309e+03
1.899000000000000000e+05 9.388948656805326891e+02 1.029059071053311300e+03 1.306267579716073669e+03 1.750939168970516221e+03 1.940103374343294945e+03 2.106461320615508157e+03 2.329998240023827748e+03 1.912118142106622599e+03 2.074162445396606017e+03 2.318714132568253717e+03 2.524326650769384742e+03 2.364162445396606017e+03 2.688968704497171984e+03
2.397000000000000000e+05 9.468980014873344544e+02 1.036341144132000863e+03 1.318986216569835051e+03 1.759949000743667284e+03 1.953125430908668477e+03 2.122796002974669136e+03 2.350884218057169619e+03 1.927796002974668909e+03 2.094745003718336193e+03 2.346086147850337056e+03 2.544327360701835914e+03 2.384884218057169619e+03 2.705935217313502108e+03
3.027000000000000000e+05 9.554077106682377689e+02 1.043635180572775198e+03 1.332054698526222410e+03 1.764203855334118998e+03 1.966497831050088053e+03 2.139815421336475538e+03 2.372462409194460179e+03 1.944815421336475538e+03 2.116019276670594536e+03 2.374654457243369961e+03 2.564689879098997608e+03 2.406462409194460179e+03 2.723258553860341181e+03
3.822000000000000000e+05 9.639118674362007368e+02 1.050924457802457709e+03 1.345114653562736748e+03 1.768455933718100368e+03 1.979861505971172619e+03 2.156823734872401474e+03 2.394026520998937485e+03 1.961823734872401474e+03 2.137279668590501842e+03 2.403204126392959552e+03 2.585039111365194458e+03 2.428026520998937485e+03 2.740570587280837117e+03
4.826000000000000000e+05 9.724689193119678521e+02 1.058367614531832260e+03 1.358330009943121468e+03 1.772000000000000000e+03 1.993330009943121468e+03 2.173988491014003557e+03 2.415798929255089206e+03 1.979039143404071410e+03 2.158849581645157286e+03 2.432166543786921466e+03 2.605495014914682088e+03 2.449798929255089206e+03 2.757988491014003557e+03
6.093000000000000000e+05 9.812781518390421525e+02 1.066569313781177243e+03 1.372303275330894394e+03 1.772000000000000000e+03 2.007303275330894394e+03 2.191910722707016703e+03 2.438581427169936433e+03 1.997265141735949101e+03 2.181935846198869058e+03 2.463150740951113676e+03 2.626454912996341591e+03 2.472581427169936433e+03 2.775910722707016703e+03
7.693000000000000000e+05 9.900891849311736905e+02 1.074772689418678965e+03 1.386279396787378801e+03 1.772000000000000000e+03 2.021279396787378801e+03 2.209836617618594573e+03 2.461368581718552377e+03 2.015494865374841993e+03 2.205026829474799797e+03 2.494141271137231342e+03 2.647419095181068315e+03 2.495368581718552377e+03 2.793836617618594573e+03
9.713000000000000000e+05 9.988996178267124151e+02 1.082975506252456398e+03 1.400254566207888502e+03 1.772000000000000000e+03 2.035254566207888502e+03 2.227761291440552668e+03 2.484154184034600803e+03 2.033723347227680733e+03 2.228116239821728868e+03 2.525129690287057201e+03 2.668381849311832866e+03 2.518154184034600803e+03 2.811761291440552668e+03
1.226000000000000000e+06 1.008231777887004000e+03 1.091169612998358389e+03 1.415011519885909593e+03 1.778107448109712777e+03 2.048949354997263981e+03 2.245932473329685308e+03 2.507712215328590901e+03 2.053260179440492266e+03 2.252508838995075166e+03 2.558740616882078939e+03 2.689587885551299223e+03 2.541712215328590901e+03 2.830729096996169574e+03
1.548000000000000000e+06 1.017653340058335061e+03 1.099375489728227421e+03 1.429903666543820009e+03 1.785097639398119554e+03 2.062625816213712369e+03 2.264167754951616189e+03 2.531418081437101137e+03 2.073015067864250796e+03 2.277126469184681810e+03 2.592779809243017098e+03 2.710862380776885857e+03 2.565418081437101137e+03 2.849876142699197317e+03
1.955000000000000000e+06 1.027083769248342605e+03 1.107589089345330649e+03 1.444809828811896523e+03 1.792094409442318693e+03 2.076315148908884566e+03 2.282420198545179119e+03 2.555146258108733036e+03 2.092788548423944121e+03 2.301767268035991947e+03 2.626851037284334780e+03 2.732156898302709124e+03 2.589146258108733036e+03 2.869041208472438484e+03
2.468000000000000000e+06 1.036671402257780528e+03 1.115962476975558047e+03 1.460038797348337766e+03 1.804924953951115867e+03 2.091038797348337539e+03 2.301697267156672297e+03 2.580064662247229535e+03 2.113051729797783537e+03 2.327596356208896395e+03 2.662622221107788391e+03 2.753937886400561638e+03 2.613887430926673915e+03 2.891001274323895814e+03
3.117000000000000000e+06 1.046401319422378947e+03 1.124476154494581579e+03 1.475545852829416390e+03 1.821952308989163157e+03 2.106545852829416617e+03 2.321765221308656692e+03 2.605909754715693907e+03 2.133727803772555035e+03 2.354353628411542104e+03 2.699717530297819849e+03 2.776134259932302029e+03 2.639428463483744508e+03 2.915022007323997968e+03
3.935000000000000000e+06 1.056113606856757087e+03 1.132974405999662395e+03 1.491024810927956423e+03 1.838948811999324789e+03 2.122024810927956423e+03 2.341796814142061066e+03 2.631708018213260857e+03 2.154366414570608413e+03 2.381062418856081877e+03 2.736745626141385856e+03 2.798290415641976779e+03 2.664923217998987184e+03 2.938999216927618818e+03
4.968000000000000000e+06 1.066095384593364088e+03 1.141653186794312205e+03 1.506598857110141125e+03 1.856483252708245118e+03 2.138129494469003475e+03 2.362190769186728176e+03 2.657959560382936615e+03 2.175367648306349110e+03 2.408401758181988498e+03 2.774762461454783988e+03 2.820544527425970045e+03 2.690871120823126148e+03 2.959802901071847373e+03
6.273000000000000000e+06 1.076732450738445095e+03 1.150770672061524238e+03 1.522402498239975557e+03 1.875326055593816818e+03 2.155756632652280132e+03 2.383464901476890191e+03 2.685312016184572713e+03 2.197249612947658534e+03 2.437273794861493570e+03 2.815183312806091180e+03 2.843034324418426422e+03 2.717919660449188996e+03 2.972871296621518013e+03
7.920000000000000000e+06 1.087364916689376741e+03 1.159884214305179967e+03 1.538199304795645276e+03 1.894160709564038825e+03 2.173376147656681496e+03 2.404729833378753483e+03 2.712652642915540127e+03 2.219122114332431920e+03 2.466133345299736902e+03 2.855586683419631299e+03 2.865514395286110812e+03 2.744956502438700682e+03 2.985934040504091172e+03
1.000000000000000000e+07 1.098000000000000000e+03 1.169000000000000000e+03 1.554000000000000000e+03 1.913000000000000000e+03 2.191000000000000000e+03 2.426000000000000000e+03 2.740000000000000000e+03 2.241000000000000000e+03 2.495000000000000000e+03 2.896000000000000000e+03 2.888000000000000000e+03 2.772000000000000000e+03 2.999000000000000000e+03
